1	706	10000	7	0.15	4
1	768	10000	7	0.15	4
1	905	10000	7	0.15	4
2	461	10000	7	0.15	4
2	507	10000	7	0.15	4
2	706	10000	7	0.15	4
3	844	10000	7	0.15	4
3	1098	10000	7	0.15	4
4	837	10000	7	0.15	4
4	1099	10000	7	0.15	4
4	1100	10000	7	0.15	4
5	1101	10000	7	0.15	4
5	1102	10000	7	0.15	4
5	1103	10000	7	0.15	4
6	845	10000	7	0.15	4
6	906	10000	7	0.15	4
6	965	10000	7	0.15	4
7	505	10000	7	0.15	4
7	808	10000	7	0.15	4
7	867	10000	7	0.15	4
7	908	10000	7	0.15	4
8	421	10000	7	0.15	4
8	611	390	1	0.15	4
8	863	10000	7	0.15	4
9	384	10000	7	0.15	4
9	970	10000	7	0.15	4
9	1105	10000	7	0.15	4
10	720	10000	7	0.15	4
10	775	10000	7	0.15	4
11	788	10000	7	0.15	4
11	839	10000	7	0.15	4
11	1106	10000	7	0.15	4
12	562	10000	7	0.15	4
12	719	10000	7	0.15	4
12	790	10000	7	0.15	4
13	744	10000	7	0.15	4
13	790	10000	7	0.15	4
13	826	390	1	0.15	4
13	955	10000	7	0.15	4
14	744	10000	7	0.15	4
14	1107	10000	7	0.15	4
14	1108	10000	7	0.15	4
15	745	10000	7	0.15	4
15	760	10000	7	0.15	4
16	563	390	1	0.15	4
16	671	10000	7	0.15	4
16	735	10000	7	0.15	4
16	878	10000	7	0.15	4
17	633	10000	7	0.15	4
17	776	10000	7	0.15	4
17	885	10000	7	0.15	4
18	567	10000	7	0.15	4
18	684	10000	7	0.15	4
18	758	10000	7	0.15	4
19	1109	10000	7	0.15	4
19	1110	10000	7	0.15	4
19	1111	10000	7	0.15	4
20	686	10000	7	0.15	4
20	736	10000	7	0.15	4
20	759	10000	7	0.15	4
21	890	10000	7	0.15	4
21	1112	10000	7	0.15	4
22	272	10000	7	0.15	4
22	591	10000	7	0.15	4
22	1113	10000	7	0.15	4
23	602	10000	11	0.15	4
24	141	10000	7	0.15	4
24	982	10000	7	0.15	4
24	1114	10000	7	0.15	4
25	83	10000	7	0.15	4
25	682	10000	7	0.15	4
25	978	10000	7	0.15	4
26	82	10000	11	0.15	4
26	142	10000	11	0.15	4
26	986	10000	11	0.15	4
27	257	10000	11	0.15	4
27	659	10000	11	0.15	4
27	797	10000	11	0.15	4
27	894	10000	11	0.15	4
28	995	10000	11	0.15	4
28	1115	10000	11	0.15	4
28	1116	10000	11	0.15	4
29	268	10000	7	0.15	4
29	508	10000	7	0.15	4
29	679	10000	7	0.15	4
29	899	10000	7	0.15	4
30	509	10000	11	0.15	4
30	511	10000	11	0.15	4
30	897	10000	11	0.15	4
31	508	10000	7	0.15	4
31	510	10000	7	0.15	4
31	677	10000	7	0.15	4
31	801	10000	7	0.15	4
32	462	10000	7	0.15	4
32	794	10000	7	0.15	4
32	799	10000	7	0.15	4
33	614	10000	11	0.15	4
33	617	10000	11	0.15	4
33	910	10000	11	0.15	4
33	951	10000	11	0.15	4
34	386	10000	7	0.15	4
34	614	10000	7	0.15	4
34	949	10000	7	0.15	4
35	374	10000	7	0.15	4
35	465	10000	7	0.15	4
36	601	10000	7	0.15	4
36	1117	10000	7	0.15	4
36	1118	10000	7	0.15	4
36	1119	10000	7	0.15	4
37	255	10000	11	0.15	4
37	413	390	1	0.15	4
37	449	10000	11	0.15	4
37	833	10000	11	0.15	4
38	103	10000	11	0.15	4
38	498	10000	11	0.15	4
38	922	10000	11	0.15	4
39	354	10000	7	0.15	4
39	879	10000	7	0.15	4
40	637	10000	7	0.15	4
40	892	10000	7	0.15	4
40	948	10000	7	0.15	4
41	1120	10000	11	0.15	4
41	1135	390	1	0.15	4
42	73	10000	11	0.15	4
42	143	10000	11	0.15	4
42	204	10000	11	0.15	4
42	644	10000	11	0.15	4
42	1121	10000	11	0.15	4
43	281	10000	11	0.15	4
43	502	10000	11	0.15	4
43	641	10000	11	0.15	4
44	945	390	1	0.15	4
44	1004	10000	11	0.15	4
44	1122	10000	11	0.15	4
45	209	10000	11	0.15	4
45	233	10000	11	0.15	4
45	780	10000	11	0.15	4
46	741	10000	11	0.15	4
46	781	10000	11	0.15	4
46	1123	10000	11	0.15	4
47	242	10000	11	0.15	4
47	1124	10000	11	0.15	4
47	1125	10000	11	0.15	4
48	214	10000	7	0.15	4
48	246	10000	7	0.15	4
48	484	10000	7	0.15	4
49	217	10000	11	0.15	4
49	220	10000	11	0.15	4
49	228	10000	11	0.15	4
49	251	10000	11	0.15	4
50	512	10000	11	0.15	4
50	918	10000	11	0.15	4
50	922	10000	11	0.15	4
51	76	10000	11	0.15	4
51	104	10000	11	0.15	4
51	647	10000	11	0.15	4
52	80	10000	11	0.15	4
52	114	10000	11	0.15	4
52	239	10000	11	0.15	4
52	423	10000	11	0.15	4
53	114	10000	11	0.15	4
53	237	10000	11	0.15	4
53	783	10000	11	0.15	4
54	116	10000	11	0.15	4
54	211	10000	11	0.15	4
54	233	10000	11	0.15	4
55	793	10000	11	0.15	4
55	1126	10000	11	0.15	4
56	1102	10000	7	0.15	4
56	1128	10000	7	0.15	4
57	631	10000	7	0.15	4
57	887	10000	7	0.15	4
57	958	10000	7	0.15	4
58	450	10000	7	0.15	4
58	960	10000	7	0.15	4
59	385	10000	7	0.15	4
59	974	10000	7	0.15	4
59	1130	10000	7	0.15	4
60	624	10000	7	0.15	4
60	891	10000	7	0.15	4
60	1131	10000	7	0.15	4
61	698	10000	7	0.15	4
61	709	10000	7	0.15	4
61	725	10000	7	0.15	4
62	260	10000	11	0.15	4
62	870	10000	11	0.15	4
62	1132	10000	11	0.15	4
63	387	10000	7	0.15	4
63	427	10000	7	0.15	4
63	640	10000	7	0.15	4
64	74	10000	11	0.15	4
64	111	10000	11	0.15	4
64	998	10000	11	0.15	4
65	605	10000	11	0.15	4
66	985	10000	11	0.15	4
67	999	10000	11	0.15	4
68	224	10000	11	0.15	4
69	915	10000	11	0.15	4
70	700	10000	11	0.15	4
71	997	10000	11	0.15	4
72	1004	390	1	0.15	4
73	42	10000	11	0.15	4
74	64	10000	11	0.15	4
75	275	650	31	0.15	4
76	51	10000	11	0.15	4
76	648	600	25	0.15	4
77	402	2600	31	0.15	4
78	915	600	25	0.15	4
79	253	650	31	0.15	4
80	52	10000	11	0.15	4
81	645	500	27	0.15	4
82	26	10000	11	0.15	4
82	977	450	21	0.15	4
83	25	10000	7	0.15	4
84	783	5850	31	0.15	4
86	275	400	18	0.15	4
87	1002	600	22	0.15	4
88	305	40000	58	0.15	4
90	305	1500	40	0.15	4
93	307	64800	61	0.15	4
95	440	72800	55	0.15	4
97	448	2800	23	0.15	4
100	283	27200	58	0.15	4
102	1073	1600	58	0.15	4
103	38	10000	11	0.15	4
103	1149	450	21	0.15	4
104	51	10000	11	0.15	4
104	646	450	21	0.15	4
105	406	6400	50	0.15	4
106	496	450	21	0.15	4
107	497	600	25	0.15	4
108	982	600	25	0.15	4
109	606	3800	30	0.15	4
110	619	2400	25	0.15	4
111	64	10000	11	0.15	4
111	644	3200	25	0.15	4
112	645	2400	25	0.15	4
113	662	600	22	0.15	4
114	52	10000	11	0.15	4
114	53	10000	11	0.15	4
114	238	2600	31	0.15	4
115	699	3200	22	0.15	4
116	54	10000	11	0.15	4
116	700	4000	40	0.15	4
118	602	2800	23	0.15	4
118	603	8100	27	0.15	4
119	724	14400	24	0.15	4
120	765	14400	24	0.15	4
121	797	600	22	0.15	4
122	834	600	25	0.15	4
123	983	2400	22	0.15	4
124	1133	450	21	0.15	4
125	894	3200	25	0.15	4
126	914	450	21	0.15	4
127	920	0	30	0.15	4
128	235	650	31	0.15	4
129	235	3800	30	0.15	4
129	943	4400	33	0.15	4
131	985	2800	23	0.15	4
132	997	600	25	0.15	4
133	943	4050	21	0.15	4
134	1004	1800	21	0.15	4
135	204	450	21	0.15	4
136	1005	1600	61	0.15	4
138	1039	1600	58	0.15	4
140	712	0	21	0.15	4
141	24	10000	7	0.15	4
141	981	550	18	0.15	4
142	26	10000	11	0.15	4
142	1096	400	18	0.15	4
143	42	10000	11	0.15	4
143	504	400	18	0.15	4
200	743	650	31	0.15	4
202	203	500	27	0.15	4
202	231	400	18	0.15	4
203	202	500	27	0.15	4
203	211	650	31	0.15	4
203	232	2600	31	0.15	4
204	42	10000	11	0.15	4
204	135	450	21	0.15	4
204	282	390	1	0.15	4
204	947	390	1	0.15	4
204	1004	450	21	0.15	4
206	207	1600	18	0.15	4
206	929	2400	22	0.15	4
206	930	2400	22	0.15	4
206	940	1600	18	0.15	4
207	206	1600	18	0.15	4
207	208	1600	18	0.15	4
207	303	1500	40	0.15	4
208	207	1600	18	0.15	4
208	209	3600	18	0.15	4
209	45	10000	11	0.15	4
209	208	3600	18	0.15	4
209	210	2400	22	0.15	4
210	209	2400	22	0.15	4
210	232	5400	22	0.15	4
211	54	10000	11	0.15	4
211	203	650	31	0.15	4
211	275	650	31	0.15	4
212	213	600	25	0.15	4
212	918	600	25	0.15	4
213	212	600	25	0.15	4
213	249	600	25	0.15	4
213	917	600	25	0.15	4
214	48	10000	7	0.15	4
214	215	600	25	0.15	4
214	220	4950	18	0.15	4
214	248	2400	25	0.15	4
215	216	600	25	0.15	4
216	217	600	25	0.15	4
216	249	450	21	0.15	4
216	250	450	21	0.15	4
217	49	10000	11	0.15	4
217	218	600	25	0.15	4
218	219	600	25	0.15	4
219	916	600	25	0.15	4
219	917	600	25	0.15	4
220	49	10000	11	0.15	4
220	214	5850	20	0.15	4
220	667	5400	22	0.15	4
221	230	11200	23	0.15	4
221	572	2400	22	0.15	4
221	1123	2400	22	0.15	4
222	296	2400	22	0.15	4
222	780	600	22	0.15	4
222	1123	2400	22	0.15	4
223	224	600	25	0.15	4
223	915	650	31	0.15	4
223	916	600	25	0.15	4
224	68	10000	11	0.15	4
224	223	600	25	0.15	4
224	225	600	25	0.15	4
225	224	600	25	0.15	4
225	226	600	25	0.15	4
225	251	450	21	0.15	4
225	252	650	31	0.15	4
226	225	2400	25	0.15	4
226	227	600	25	0.15	4
227	226	3000	26	0.15	4
227	228	600	25	0.15	4
228	49	10000	11	0.15	4
228	227	3000	26	0.15	4
228	666	600	22	0.15	4
229	243	2400	22	0.15	4
229	666	2400	22	0.15	4
230	231	3600	27	0.15	4
230	748	6300	23	0.15	4
230	752	3600	27	0.15	4
231	202	400	18	0.15	4
231	230	3600	27	0.15	4
231	232	3600	27	0.15	4
231	781	600	22	0.15	4
232	203	650	31	0.15	4
232	210	5400	22	0.15	4
232	231	3600	27	0.15	4
232	233	3600	27	0.15	4
233	45	10000	11	0.15	4
233	54	10000	11	0.15	4
233	232	3600	27	0.15	4
233	701	3600	27	0.15	4
234	235	3800	30	0.15	4
234	701	4000	40	0.15	4
235	128	650	31	0.15	4
235	129	3800	30	0.15	4
235	234	3800	30	0.15	4
235	931	600	25	0.15	4
236	85	2000	27	0.15	4
236	237	2600	31	0.15	4
236	782	2000	27	0.15	4
237	53	10000	11	0.15	4
237	238	2600	31	0.15	4
238	114	2600	31	0.15	4
238	239	2600	31	0.15	4
238	663	2600	31	0.15	4
239	52	10000	11	0.15	4
239	79	2600	31	0.15	4
240	350	2400	22	0.15	4
240	428	1500	40	0.15	4
240	667	2800	23	0.15	4
240	668	7200	22	0.15	4
242	47	10000	11	0.15	4
242	346	2400	22	0.15	4
242	350	2400	22	0.15	4
243	229	2800	23	0.15	4
243	345	2800	23	0.15	4
243	346	2600	31	0.15	4
243	782	2000	27	0.15	4
244	852	400	15	0.15	4
244	853	550	18	0.15	4
244	874	400	18	0.15	4
245	354	1600	15	0.15	4
245	620	2400	22	0.15	4
245	713	1600	15	0.15	4
245	1151	550	18	0.15	4
246	48	10000	7	0.15	4
246	247	1800	21	0.15	4
246	924	2200	18	0.15	4
247	246	1800	21	0.15	4
247	248	1800	21	0.15	4
248	247	1800	21	0.15	4
248	249	450	21	0.15	4
248	398	1500	40	0.15	4
249	216	450	21	0.15	4
249	248	450	21	0.15	4
250	216	450	21	0.15	4
250	251	450	21	0.15	4
251	49	10000	11	0.15	4
251	225	450	21	0.15	4
251	250	450	21	0.15	4
252	253	650	31	0.15	4
253	79	650	31	0.15	4
253	663	2600	31	0.15	4
254	869	400	18	0.15	4
254	870	400	18	0.15	4
254	1134	600	22	0.15	4
255	37	10000	11	0.15	4
255	466	600	22	0.15	4
255	832	600	22	0.15	4
256	658	2400	22	0.15	4
256	797	650	31	0.15	4
256	996	600	22	0.15	4
256	1115	600	22	0.15	4
257	27	10000	11	0.15	4
257	258	600	22	0.15	4
257	1115	600	22	0.15	4
258	257	600	22	0.15	4
258	661	8100	27	0.15	4
258	896	3600	27	0.15	4
258	987	600	22	0.15	4
259	260	400	18	0.15	4
259	653	0	18	0.15	4
259	713	1600	15	0.15	4
259	1090	390	1	0.15	4
260	62	10000	11	0.15	4
260	259	400	18	0.15	4
260	872	400	18	0.15	4
261	274	550	18	0.15	4
261	831	400	15	0.15	4
261	851	550	18	0.15	4
261	872	400	18	0.15	4
262	445	400	15	0.15	4
262	656	390	1	0.15	4
262	831	400	18	0.15	4
263	264	400	15	0.15	4
263	795	400	15	0.15	4
264	263	400	15	0.15	4
264	265	400	15	0.15	4
264	661	8100	24	0.15	4
264	897	8100	24	0.15	4
265	264	400	15	0.15	4
265	269	5850	20	0.15	4
265	988	6300	23	0.15	4
265	1096	450	21	0.15	4
266	510	2600	31	0.15	4
266	992	2200	18	0.15	4
267	268	2200	18	0.15	4
267	508	2200	18	0.15	4
267	511	550	18	0.15	4
267	800	2200	18	0.15	4
268	29	10000	7	0.15	4
268	267	2200	18	0.15	4
268	509	2200	18	0.15	4
269	265	5850	20	0.15	4
269	270	450	21	0.15	4
269	898	400	15	0.15	4
269	989	5850	20	0.15	4
270	269	450	21	0.15	4
270	977	400	18	0.15	4
271	272	600	22	0.15	4
271	919	8100	24	0.15	4
271	924	3600	24	0.15	4
272	22	10000	7	0.15	4
272	271	600	22	0.15	4
272	713	650	31	0.15	4
273	274	600	22	0.15	4
273	872	2400	22	0.15	4
273	873	600	22	0.15	4
273	1132	600	22	0.15	4
274	261	550	18	0.15	4
274	273	600	22	0.15	4
274	465	650	31	0.15	4
274	852	550	18	0.15	4
275	75	650	31	0.15	4
275	86	400	18	0.15	4
275	211	650	31	0.15	4
276	451	3600	24	0.15	4
276	779	3600	24	0.15	4
276	929	2200	18	0.15	4
278	279	550	18	0.15	4
278	892	550	18	0.15	4
279	278	550	18	0.15	4
279	280	400	15	0.15	4
279	938	400	18	0.15	4
279	939	550	18	0.15	4
280	279	400	15	0.15	4
280	281	600	22	0.15	4
280	948	3600	24	0.15	4
280	1135	8100	24	0.15	4
281	43	10000	11	0.15	4
281	280	600	22	0.15	4
281	1120	600	22	0.15	4
282	204	390	1	0.15	4
282	503	400	18	0.15	4
282	1002	600	22	0.15	4
282	1120	600	22	0.15	4
283	284	27200	58	0.15	4
283	1073	1600	58	0.15	4
284	285	40000	58	0.15	4
284	1074	1600	58	0.15	4
285	247	1500	25	0.15	4
285	286	40000	58	0.15	4
286	287	38000	55	0.15	4
287	288	25600	55	0.15	4
287	668	1500	25	0.15	4
288	481	25600	55	0.15	4
289	290	14400	55	0.15	4
290	291	14400	55	0.15	4
291	470	14400	55	0.15	4
292	293	25600	55	0.15	4
293	467	25600	55	0.15	4
294	301	41250	58	0.15	4
295	296	6000	25	0.15	4
295	430	26400	58	0.15	4
296	222	2400	22	0.15	4
296	297	6300	23	0.15	4
296	779	3600	24	0.15	4
297	298	1600	50	0.15	4
297	747	5400	22	0.15	4
298	392	14400	55	0.15	4
299	300	14850	58	0.15	4
300	428	40000	55	0.15	4
301	302	40000	58	0.15	4
302	303	41250	58	0.15	4
303	304	56700	58	0.15	4
304	89	38000	55	0.15	4
304	144	1500	25	0.15	4
305	431	56700	58	0.15	4
307	308	64800	61	0.15	4
307	782	1500	25	0.15	4
307	1039	1600	61	0.15	4
308	309	64800	61	0.15	4
309	310	64800	61	0.15	4
310	343	41250	58	0.15	4
310	344	6400	50	0.15	4
310	1042	1600	61	0.15	4
311	312	41250	58	0.15	4
312	313	26400	58	0.15	4
312	476	6400	50	0.15	4
312	1045	1600	61	0.15	4
313	314	26400	58	0.15	4
314	315	26400	58	0.15	4
315	316	25600	55	0.15	4
316	319	26400	58	0.15	4
316	1049	1600	61	0.15	4
317	396	25600	55	0.15	4
317	479	6400	50	0.15	4
317	1027	1600	61	0.15	4
318	432	26400	58	0.15	4
319	485	25600	55	0.15	4
321	356	52800	55	0.15	4
322	361	52800	55	0.15	4
323	324	40000	55	0.15	4
324	332	55200	55	0.15	4
324	1061	1600	61	0.15	4
325	326	55200	55	0.15	4
326	327	40000	55	0.15	4
326	378	6400	40	0.15	4
326	1016	1600	61	0.15	4
327	328	40000	55	0.15	4
327	362	1600	50	0.15	4
327	1017	1600	58	0.15	4
328	329	40000	55	0.15	4
328	1018	1600	58	0.15	4
329	330	55200	55	0.15	4
329	1019	1600	61	0.15	4
330	331	55200	55	0.15	4
331	437	55200	55	0.15	4
332	333	64800	61	0.15	4
333	334	64800	61	0.15	4
334	335	55200	55	0.15	4
335	336	40000	55	0.15	4
335	556	6400	40	0.15	4
335	1065	1600	61	0.15	4
336	366	40000	55	0.15	4
336	557	1500	25	0.15	4
336	1066	1600	61	0.15	4
337	339	57600	55	0.15	4
337	1068	1600	58	0.15	4
339	340	57600	55	0.15	4
340	91	52800	55	0.15	4
341	92	84000	61	0.15	4
342	436	84000	61	0.15	4
342	1035	1600	61	0.15	4
343	311	40000	55	0.15	4
344	477	1500	25	0.15	4
344	753	6400	40	0.15	4
345	243	2800	23	0.15	4
345	742	3200	25	0.15	4
346	242	2400	22	0.15	4
346	243	2600	31	0.15	4
347	474	2400	22	0.15	4
347	477	1600	18	0.15	4
348	433	40000	55	0.15	4
348	1031	1600	61	0.15	4
350	240	2400	22	0.15	4
350	242	2400	22	0.15	4
351	321	52800	55	0.15	4
351	1053	1600	61	0.15	4
352	317	55200	55	0.15	4
352	622	1500	25	0.15	4
352	1026	1600	61	0.15	4
353	439	52800	55	0.15	4
354	39	10000	7	0.15	4
354	245	1600	15	0.15	4
354	714	1600	15	0.15	4
355	322	55200	55	0.15	4
356	355	55200	55	0.15	4
356	873	6000	25	0.15	4
356	1055	1600	61	0.15	4
357	328	1600	50	0.15	4
357	358	10400	20	0.15	4
358	376	6000	25	0.15	4
358	379	3200	22	0.15	4
360	675	14400	24	0.15	4
360	1119	5850	20	0.15	4
361	464	40000	55	0.15	4
361	1058	1600	61	0.15	4
361	1085	6400	50	0.15	4
362	882	600	22	0.15	4
363	676	14400	24	0.15	4
364	444	55200	55	0.15	4
364	1013	1600	61	0.15	4
364	1141	6400	40	0.15	4
365	443	52800	55	0.15	4
365	1011	1600	61	0.15	4
366	337	40000	55	0.15	4
367	442	40000	55	0.15	4
367	849	6400	50	0.15	4
367	1009	1600	61	0.15	4
369	367	57600	55	0.15	4
369	906	1500	25	0.15	4
369	1006	1600	61	0.15	4
374	35	10000	7	0.15	4
374	445	400	15	0.15	4
374	993	400	15	0.15	4
375	463	9000	26	0.15	4
376	360	10400	20	0.15	4
376	377	6000	40	0.15	4
377	324	6400	50	0.15	4
378	379	1600	50	0.15	4
379	380	7200	22	0.15	4
380	657	7200	22	0.15	4
384	9	10000	7	0.15	4
384	385	2200	18	0.15	4
384	723	550	18	0.15	4
385	59	10000	7	0.15	4
385	384	2200	18	0.15	4
385	386	2200	18	0.15	4
386	34	10000	7	0.15	4
386	385	2200	18	0.15	4
386	1129	2200	18	0.15	4
387	63	10000	7	0.15	4
387	949	450	21	0.15	4
387	998	500	27	0.15	4
387	1091	390	1	0.15	4
388	208	1500	25	0.15	4
388	295	39000	58	0.15	4
390	475	1600	50	0.15	4
391	738	8800	18	0.15	4
392	393	14400	55	0.15	4
393	299	14400	55	0.15	4
394	475	1600	50	0.15	4
396	318	25600	55	0.15	4
396	522	6400	50	0.15	4
396	1028	1600	61	0.15	4
397	398	39000	58	0.15	4
398	429	40000	58	0.15	4
398	1080	1600	58	0.15	4
400	99	27200	58	0.15	4
400	404	1600	50	0.15	4
400	1082	1600	58	0.15	4
402	224	2600	31	0.15	4
403	647	2400	25	0.15	4
403	1145	450	21	0.15	4
403	1148	2400	25	0.15	4
404	94	14400	50	0.15	4
406	283	1600	50	0.15	4
406	650	6000	25	0.15	4
413	37	390	1	0.15	4
413	466	600	22	0.15	4
413	656	600	22	0.15	4
421	8	10000	7	0.15	4
421	864	550	18	0.15	4
421	865	2200	18	0.15	4
423	52	10000	11	0.15	4
423	665	2600	31	0.15	4
423	666	5400	22	0.15	4
427	63	10000	7	0.15	4
427	638	8100	24	0.15	4
427	949	3600	24	0.15	4
427	1091	390	1	0.15	4
428	397	40000	58	0.15	4
429	400	27200	58	0.15	4
429	649	1500	25	0.15	4
429	1081	1600	58	0.15	4
430	447	25600	55	0.15	4
431	388	56700	58	0.15	4
432	348	26400	58	0.15	4
433	434	40000	55	0.15	4
434	435	40000	55	0.15	4
435	342	45000	61	0.15	4
436	341	84000	61	0.15	4
437	438	55200	55	0.15	4
438	353	72800	55	0.15	4
438	1023	1600	61	0.15	4
439	352	55200	55	0.15	4
440	369	75600	55	0.15	4
442	365	40000	55	0.15	4
443	364	55200	55	0.15	4
444	325	55200	55	0.15	4
445	262	400	15	0.15	4
445	374	400	15	0.15	4
447	468	26400	58	0.15	4
448	96	400	18	0.15	4
448	97	2800	23	0.15	4
448	449	2800	23	0.15	4
449	37	10000	11	0.15	4
449	448	2800	23	0.15	4
449	657	2800	23	0.15	4
450	58	10000	7	0.15	4
450	937	2200	18	0.15	4
450	938	2200	18	0.15	4
451	276	3600	24	0.15	4
451	937	3600	24	0.15	4
451	961	600	22	0.15	4
457	750	2000	27	0.15	4
457	751	3200	34	0.15	4
460	705	1800	21	0.15	4
460	768	14400	24	0.15	4
460	850	1500	40	0.15	4
461	2	10000	7	0.15	4
461	695	2600	31	0.15	4
462	32	10000	7	0.15	4
462	491	1500	40	0.15	4
462	992	2200	18	0.15	4
462	993	550	18	0.15	4
463	376	8100	24	0.15	4
463	491	1600	50	0.15	4
463	1084	6400	50	0.15	4
464	323	40000	55	0.15	4
464	1059	1600	58	0.15	4
465	35	10000	7	0.15	4
465	274	650	31	0.15	4
465	830	2200	18	0.15	4
465	831	550	18	0.15	4
466	255	600	22	0.15	4
466	413	600	22	0.15	4
466	996	600	22	0.15	4
467	294	28800	61	0.15	4
468	298	14850	58	0.15	4
468	486	6800	57	0.15	4
469	293	1500	40	0.15	4
469	518	1600	50	0.15	4
469	747	16250	20	0.15	4
470	292	25600	55	0.15	4
471	470	6400	50	0.15	4
472	473	1600	18	0.15	4
472	488	6300	23	0.15	4
472	739	400	18	0.15	4
473	472	1600	18	0.15	4
473	487	1600	18	0.15	4
474	221	2400	22	0.15	4
474	473	400	18	0.15	4
475	524	6400	50	0.15	4
476	471	1600	50	0.15	4
476	478	1600	50	0.15	4
477	347	1600	18	0.15	4
477	520	1500	40	0.15	4
477	1124	5400	22	0.15	4
478	300	6400	50	0.15	4
479	471	1600	50	0.15	4
479	478	1600	50	0.15	4
480	289	14400	55	0.15	4
480	963	1600	50	0.15	4
481	480	14400	55	0.15	4
481	482	6400	50	0.15	4
482	390	1600	50	0.15	4
482	483	6400	40	0.15	4
483	485	6400	55	0.15	4
484	48	10000	7	0.15	4
484	621	1800	21	0.15	4
484	669	3600	24	0.15	4
484	925	3600	24	0.15	4
485	351	59400	58	0.15	4
485	1051	1600	61	0.15	4
486	394	1600	50	0.15	4
486	513	1600	50	0.15	4
487	221	11200	23	0.15	4
487	473	1600	18	0.15	4
488	489	400	18	0.15	4
488	755	6300	23	0.15	4
489	738	400	18	0.15	4
491	377	1600	50	0.15	4
496	106	450	21	0.15	4
496	497	450	21	0.15	4
496	1149	450	21	0.15	4
497	107	600	25	0.15	4
497	496	450	21	0.15	4
497	498	600	25	0.15	4
498	38	10000	11	0.15	4
498	497	600	25	0.15	4
498	652	450	21	0.15	4
500	652	450	21	0.15	4
500	653	600	22	0.15	4
501	502	400	15	0.15	4
501	883	550	18	0.15	4
502	43	10000	11	0.15	4
502	501	400	15	0.15	4
502	503	400	18	0.15	4
503	282	400	18	0.15	4
503	502	400	18	0.15	4
503	504	400	18	0.15	4
504	143	400	18	0.15	4
504	503	400	18	0.15	4
504	1003	400	18	0.15	4
504	1121	390	1	0.15	4
505	7	10000	7	0.15	4
505	907	3600	24	0.15	4
505	964	3600	24	0.15	4
506	679	22500	24	0.15	4
507	2	10000	7	0.15	4
507	696	3200	22	0.15	4
507	903	7200	22	0.15	4
508	29	10000	7	0.15	4
508	31	10000	7	0.15	4
508	267	2200	18	0.15	4
508	678	2200	18	0.15	4
509	30	10000	11	0.15	4
509	268	2200	18	0.15	4
509	898	2200	18	0.15	4
510	31	10000	7	0.15	4
510	266	2600	31	0.15	4
510	800	2200	18	0.15	4
511	30	10000	11	0.15	4
511	267	550	18	0.15	4
511	794	550	18	0.15	4
512	50	10000	11	0.15	4
512	651	2400	25	0.15	4
512	923	2400	25	0.15	4
513	514	1650	50	0.15	4
514	515	1600	50	0.15	4
515	483	1600	50	0.15	4
516	756	1600	50	0.15	4
517	516	1600	50	0.15	4
518	519	1600	50	0.15	4
519	1030	1600	50	0.15	4
520	521	1600	50	0.15	4
521	316	1650	50	0.15	4
522	523	3300	50	0.15	4
523	347	6000	25	0.15	4
524	348	6400	50	0.15	4
553	365	1400	30	0.15	4
554	553	1400	30	0.15	4
555	554	1400	30	0.15	4
556	461	6000	25	0.15	4
557	460	1500	25	0.15	4
562	12	10000	7	0.15	4
562	686	2200	18	0.15	4
562	718	2200	18	0.15	4
562	1095	390	1	0.15	4
563	16	390	1	0.15	4
563	1139	390	1	0.15	4
563	1140	390	1	0.15	4
564	634	390	1	0.15	4
564	1130	390	1	0.15	4
565	1091	390	1	0.15	4
567	18	10000	7	0.15	4
567	927	5850	20	0.15	4
572	347	2400	22	0.15	4
581	868	390	1	0.15	4
581	908	390	1	0.15	4
581	983	390	1	0.15	4
590	848	1600	50	0.15	4
590	1068	1600	50	0.15	4
591	22	10000	7	0.15	4
591	924	3600	24	0.15	4
591	925	8100	24	0.15	4
592	821	390	1	0.15	4
592	823	390	1	0.15	4
593	703	390	1	0.15	4
594	850	1600	50	0.15	4
595	683	390	1	0.15	4
601	36	10000	7	0.15	4
601	674	2600	31	0.15	4
601	882	2600	31	0.15	4
602	23	10000	11	0.15	4
602	118	2800	23	0.15	4
602	984	2800	23	0.15	4
603	118	8100	27	0.15	4
603	604	3800	30	0.15	4
603	954	8100	27	0.15	4
604	603	3800	30	0.15	4
604	605	3800	30	0.15	4
604	912	450	21	0.15	4
605	65	10000	11	0.15	4
605	604	3800	30	0.15	4
605	606	3800	30	0.15	4
606	109	3800	30	0.15	4
606	605	3800	30	0.15	4
607	812	2600	20	0.15	4
607	1098	550	18	0.15	4
607	1154	2600	20	0.15	4
608	609	600	22	0.15	4
608	771	14400	24	0.15	4
608	1098	550	18	0.15	4
609	608	600	22	0.15	4
609	610	600	22	0.15	4
609	842	2200	18	0.15	4
609	843	2200	18	0.15	4
610	609	600	22	0.15	4
610	967	22500	24	0.15	4
611	8	390	1	0.15	4
611	612	400	18	0.15	4
611	865	550	18	0.15	4
611	866	2200	18	0.15	4
612	611	400	18	0.15	4
612	809	2800	23	0.15	4
612	1136	2600	20	0.15	4
614	33	10000	11	0.15	4
614	34	10000	7	0.15	4
615	616	2400	22	0.15	4
615	949	8100	24	0.15	4
615	950	8100	27	0.15	4
615	1138	1600	18	0.15	4
616	615	2400	22	0.15	4
616	617	2200	18	0.15	4
617	33	10000	11	0.15	4
617	616	2200	18	0.15	4
617	618	2400	22	0.15	4
618	617	2400	22	0.15	4
618	619	2400	22	0.15	4
618	998	450	21	0.15	4
618	999	450	21	0.15	4
619	110	2400	25	0.15	4
619	618	2400	22	0.15	4
620	245	2400	22	0.15	4
620	924	2600	20	0.15	4
620	1113	1600	15	0.15	4
621	351	1500	40	0.15	4
621	622	3200	22	0.15	4
621	1113	1600	15	0.15	4
622	621	3200	22	0.15	4
622	623	7200	22	0.15	4
622	1140	2200	18	0.15	4
623	622	3200	22	0.15	4
623	624	12800	22	0.15	4
623	1131	8100	24	0.15	4
624	60	10000	7	0.15	4
624	625	12800	22	0.15	4
625	626	7200	22	0.15	4
625	889	14400	24	0.15	4
626	627	7200	22	0.15	4
626	759	5850	20	0.15	4
627	628	7200	22	0.15	4
627	1109	5850	20	0.15	4
628	629	7200	22	0.15	4
628	685	2200	18	0.15	4
628	686	2200	18	0.15	4
629	630	12800	22	0.15	4
630	631	2200	18	0.15	4
630	632	12800	22	0.15	4
630	958	2600	31	0.15	4
631	57	10000	7	0.15	4
631	630	2200	18	0.15	4
631	886	2200	18	0.15	4
632	633	3200	22	0.15	4
632	776	14400	24	0.15	4
633	17	10000	7	0.15	4
633	632	3200	22	0.15	4
633	634	3200	22	0.15	4
634	564	390	1	0.15	4
634	633	3200	22	0.15	4
634	635	3200	22	0.15	4
634	976	3200	22	0.15	4
635	634	3200	22	0.15	4
635	636	3200	22	0.15	4
636	635	3200	22	0.15	4
636	637	3200	22	0.15	4
637	40	10000	7	0.15	4
637	636	3200	22	0.15	4
637	638	3200	22	0.15	4
637	884	8100	24	0.15	4
638	427	3600	24	0.15	4
638	637	3200	22	0.15	4
638	639	7200	22	0.15	4
638	883	8100	24	0.15	4
639	638	7200	22	0.15	4
639	640	3200	22	0.15	4
640	63	10000	7	0.15	4
640	639	3200	22	0.15	4
640	641	3200	25	0.15	4
641	43	10000	11	0.15	4
641	640	3200	25	0.15	4
641	642	3200	25	0.15	4
642	641	3200	25	0.15	4
642	643	3200	25	0.15	4
643	642	3200	25	0.15	4
643	998	450	21	0.15	4
643	1003	3400	28	0.15	4
644	42	10000	11	0.15	4
644	111	3200	25	0.15	4
644	1003	3200	25	0.15	4
645	81	500	27	0.15	4
645	112	2400	25	0.15	4
645	646	2400	25	0.15	4
646	104	450	21	0.15	4
646	645	2400	25	0.15	4
646	647	2600	31	0.15	4
646	1146	500	27	0.15	4
647	51	10000	11	0.15	4
647	403	2400	25	0.15	4
647	646	2600	31	0.15	4
648	76	600	25	0.15	4
648	649	1800	21	0.15	4
649	404	6000	40	0.15	4
649	650	2400	25	0.15	4
649	1147	1800	21	0.15	4
650	284	1500	40	0.15	4
650	649	2400	25	0.15	4
650	651	2400	25	0.15	4
651	512	2400	25	0.15	4
651	650	2400	25	0.15	4
652	498	450	21	0.15	4
652	500	450	21	0.15	4
652	923	2400	25	0.15	4
653	259	0	18	0.15	4
653	500	600	22	0.15	4
653	654	2600	31	0.15	4
653	712	0	21	0.15	4
654	653	600	25	0.15	4
654	851	2400	25	0.15	4
654	870	600	22	0.15	4
654	871	600	22	0.15	4
655	656	2400	25	0.15	4
655	831	550	18	0.15	4
655	832	600	22	0.15	4
655	851	2600	31	0.15	4
656	262	390	1	0.15	4
656	413	600	22	0.15	4
656	655	2400	25	0.15	4
656	657	2400	25	0.15	4
657	375	7200	22	0.15	4
657	449	2800	23	0.15	4
657	656	2400	25	0.15	4
657	994	2400	25	0.15	4
658	256	600	22	0.15	4
658	798	2200	18	0.15	4
658	994	2600	31	0.15	4
658	1116	2200	18	0.15	4
659	27	10000	11	0.15	4
659	660	2600	31	0.15	4
659	796	2400	25	0.15	4
660	659	2600	31	0.15	4
660	661	2200	18	0.15	4
661	258	8100	27	0.15	4
661	264	8100	24	0.15	4
661	660	2200	18	0.15	4
661	988	2200	18	0.15	4
662	113	2400	22	0.15	4
662	988	2400	22	0.15	4
663	238	2600	31	0.15	4
663	664	2600	31	0.15	4
663	782	500	27	0.15	4
664	663	2600	31	0.15	4
664	665	2000	27	0.15	4
665	423	2600	31	0.15	4
665	664	2000	27	0.15	4
666	228	2400	22	0.15	4
666	229	2400	22	0.15	4
666	423	2400	22	0.15	4
666	1125	2400	22	0.15	4
667	220	6300	23	0.15	4
667	240	5400	22	0.15	4
667	1124	2400	22	0.15	4
667	1125	2800	23	0.15	4
668	240	3200	22	0.15	4
668	669	3200	22	0.15	4
669	484	3600	24	0.15	4
669	668	3200	22	0.15	4
669	891	3600	24	0.15	4
669	932	3600	24	0.15	4
670	714	550	18	0.15	4
670	715	650	20	0.15	4
670	1150	8100	24	0.15	4
671	16	10000	7	0.15	4
671	672	8100	24	0.15	4
671	735	390	1	0.15	4
671	879	390	1	0.15	4
672	673	8100	24	0.15	4
672	734	2400	22	0.15	4
672	875	2200	18	0.15	4
672	880	400	18	0.15	4
673	674	8100	24	0.15	4
673	853	550	18	0.15	4
673	854	2200	18	0.15	4
674	601	2600	31	0.15	4
674	733	2200	18	0.15	4
674	825	14400	24	0.15	4
675	816	14400	24	0.15	4
675	1087	1600	40	0.15	4
676	677	22500	24	0.15	4
676	801	2200	18	0.15	4
676	802	2200	18	0.15	4
677	31	10000	7	0.15	4
677	1127	22500	24	0.15	4
678	506	22500	24	0.15	4
678	508	2200	18	0.15	4
678	793	600	22	0.15	4
679	29	10000	7	0.15	4
679	680	14400	24	0.15	4
679	726	600	22	0.15	4
680	900	8100	24	0.15	4
680	901	8100	24	0.15	4
680	990	14400	24	0.15	4
681	979	8100	27	0.15	4
682	25	10000	7	0.15	4
682	130	8100	27	0.15	4
683	595	390	1	0.15	4
683	684	2200	18	0.15	4
683	962	2200	18	0.15	4
684	18	10000	7	0.15	4
684	683	2200	18	0.15	4
684	936	2200	18	0.15	4
685	628	2200	18	0.15	4
685	746	3600	24	0.15	4
685	936	2200	18	0.15	4
686	20	10000	7	0.15	4
686	562	2200	18	0.15	4
686	628	2200	18	0.15	4
686	958	390	1	0.15	4
687	718	2200	18	0.15	4
687	791	2200	18	0.15	4
687	877	600	22	0.15	4
687	1155	550	18	0.15	4
688	689	2600	20	0.15	4
688	822	600	22	0.15	4
688	826	2200	18	0.15	4
688	840	2600	31	0.15	4
689	688	2600	20	0.15	4
689	823	2600	20	0.15	4
690	821	2200	18	0.15	4
690	823	4950	18	0.15	4
690	1106	2600	20	0.15	4
691	821	4950	18	0.15	4
691	1097	2600	20	0.15	4
691	1100	5850	20	0.15	4
692	693	7200	22	0.15	4
692	764	3200	22	0.15	4
692	802	2200	18	0.15	4
692	1126	550	18	0.15	4
693	692	3200	22	0.15	4
693	694	7200	22	0.15	4
694	693	3200	25	0.15	4
694	695	7200	22	0.15	4
695	694	3200	22	0.15	4
695	696	7200	22	0.15	4
695	727	600	22	0.15	4
696	507	7200	22	0.15	4
696	695	3200	22	0.15	4
696	705	600	22	0.15	4
696	726	600	22	0.15	4
697	698	3200	22	0.15	4
697	708	2600	20	0.15	4
697	903	3200	22	0.15	4
697	991	5850	20	0.15	4
698	61	10000	7	0.15	4
698	697	3200	22	0.15	4
698	699	3200	22	0.15	4
698	709	390	1	0.15	4
698	725	390	1	0.15	4
699	115	3200	22	0.15	4
699	698	3200	22	0.15	4
699	710	650	31	0.15	4
699	724	600	22	0.15	4
700	70	10000	11	0.15	4
700	116	4000	40	0.15	4
700	701	4000	40	0.15	4
701	233	3600	27	0.15	4
701	234	4000	40	0.15	4
701	700	4000	40	0.15	4
701	702	8100	27	0.15	4
702	701	8100	27	0.15	4
702	930	8100	27	0.15	4
703	461	400	18	0.15	4
703	593	390	1	0.15	4
703	704	32400	24	0.15	4
703	803	2600	20	0.15	4
704	705	32400	24	0.15	4
705	460	1800	21	0.15	4
705	696	600	22	0.15	4
705	706	32400	24	0.15	4
706	1	10000	7	0.15	4
706	2	10000	7	0.15	4
706	707	14400	24	0.15	4
707	708	14400	24	0.15	4
707	903	8100	24	0.15	4
707	904	3600	24	0.15	4
707	1089	390	1	0.15	4
708	709	14400	24	0.15	4
708	767	2600	20	0.15	4
708	1093	390	1	0.15	4
709	61	10000	7	0.15	4
709	698	390	1	0.15	4
709	710	14400	24	0.15	4
709	766	600	22	0.15	4
710	699	650	31	0.15	4
710	711	14400	24	0.15	4
711	117	14400	24	0.15	4
711	765	550	18	0.15	4
712	140	0	21	0.15	4
712	653	0	21	0.15	4
713	245	1600	15	0.15	4
713	259	1600	15	0.15	4
713	272	650	31	0.15	4
713	1090	390	1	0.15	4
713	1132	600	22	0.15	4
714	354	1600	15	0.15	4
714	670	550	18	0.15	4
714	878	2600	31	0.15	4
714	1140	2600	20	0.15	4
715	670	650	20	0.15	4
715	716	650	20	0.15	4
715	736	14400	24	0.15	4
716	715	650	20	0.15	4
716	717	650	20	0.15	4
716	760	5850	20	0.15	4
717	716	650	20	0.15	4
717	718	2800	23	0.15	4
717	745	5850	20	0.15	4
718	562	2200	18	0.15	4
718	687	2200	18	0.15	4
718	717	650	20	0.15	4
718	1155	2600	20	0.15	4
719	12	10000	7	0.15	4
719	956	2800	23	0.15	4
719	1155	2600	20	0.15	4
720	10	10000	7	0.15	4
720	721	2800	23	0.15	4
720	956	2600	20	0.15	4
721	720	2800	23	0.15	4
721	722	2800	23	0.15	4
721	787	390	1	0.15	4
722	721	2800	23	0.15	4
722	774	14400	24	0.15	4
722	971	2800	23	0.15	4
723	384	2200	18	0.15	4
723	784	2800	23	0.15	4
723	785	550	18	0.15	4
723	971	2800	23	0.15	4
724	699	600	22	0.15	4
724	725	14400	24	0.15	4
724	979	600	22	0.15	4
725	61	10000	7	0.15	4
725	991	14400	24	0.15	4
726	679	600	22	0.15	4
726	696	600	22	0.15	4
726	727	14400	24	0.15	4
727	728	14400	24	0.15	4
727	793	600	22	0.15	4
728	802	8100	24	0.15	4
729	730	8100	24	0.15	4
730	731	22500	24	0.15	4
730	817	5850	20	0.15	4
731	675	5850	20	0.15	4
731	732	22500	24	0.15	4
732	824	14400	24	0.15	4
732	1102	5850	20	0.15	4
733	674	2200	18	0.15	4
733	828	2200	18	0.15	4
733	1108	22500	24	0.15	4
734	672	2400	22	0.15	4
734	735	14400	24	0.15	4
734	876	2400	22	0.15	4
735	16	10000	7	0.15	4
735	671	390	1	0.15	4
735	715	14400	24	0.15	4
735	1150	400	15	0.15	4
736	20	10000	7	0.15	4
736	625	14400	24	0.15	4
737	391	8800	18	0.15	4
737	757	3600	24	0.15	4
737	932	3600	24	0.15	4
738	739	9600	22	0.15	4
739	472	400	18	0.15	4
739	741	9600	22	0.15	4
741	46	10000	11	0.15	4
741	742	9600	22	0.15	4
742	200	5400	22	0.15	4
742	345	3200	25	0.15	4
742	752	3600	27	0.15	4
743	342	1650	50	0.15	4
743	1143	2000	27	0.15	4
744	13	10000	7	0.15	4
744	14	10000	7	0.15	4
744	827	600	22	0.15	4
745	15	10000	7	0.15	4
745	627	5850	20	0.15	4
746	888	3600	24	0.15	4
746	935	5850	20	0.15	4
747	487	11200	23	0.15	4
747	755	3600	25	0.15	4
748	750	7200	34	0.15	4
749	457	3200	34	0.15	4
749	783	4500	27	0.15	4
750	749	7200	34	0.15	4
751	752	2800	23	0.15	4
752	230	3600	27	0.15	4
752	742	3600	27	0.15	4
752	753	2800	23	0.15	4
753	472	6300	23	0.15	4
755	489	500	27	0.15	4
755	756	5850	20	0.15	4
756	757	10400	20	0.15	4
757	737	3600	24	0.15	4
757	758	10400	20	0.15	4
757	927	3600	24	0.15	4
758	18	10000	7	0.15	4
758	934	5850	20	0.15	4
759	20	10000	7	0.15	4
759	716	5850	20	0.15	4
760	15	10000	7	0.15	4
760	876	10400	20	0.15	4
761	762	10400	20	0.15	4
761	824	5850	20	0.15	4
762	690	5850	20	0.15	4
762	1103	5850	20	0.15	4
763	731	5850	20	0.15	4
763	817	5850	20	0.15	4
764	692	7200	22	0.15	4
764	1154	2600	20	0.15	4
765	711	550	18	0.15	4
765	766	14400	24	0.15	4
765	980	600	22	0.15	4
766	709	600	22	0.15	4
766	767	14400	24	0.15	4
767	904	14400	24	0.15	4
768	1	10000	7	0.15	4
768	1038	14400	24	0.15	4
769	555	1400	30	0.15	4
769	966	8100	24	0.15	4
770	703	14400	24	0.15	4
770	803	2200	18	0.15	4
770	804	2200	18	0.15	4
771	770	14400	24	0.15	4
771	812	2600	31	0.15	4
772	820	14400	27	0.15	4
772	837	650	20	0.15	4
773	836	14400	24	0.15	4
773	838	1800	21	0.15	4
773	841	400	15	0.15	4
774	787	2600	31	0.15	4
774	860	14400	24	0.15	4
775	10	10000	7	0.15	4
775	722	14400	24	0.15	4
775	1105	550	18	0.15	4
776	17	10000	7	0.15	4
776	775	14400	24	0.15	4
777	632	14400	24	0.15	4
777	778	3600	24	0.15	4
777	886	3600	24	0.15	4
778	777	3600	24	0.15	4
778	893	400	15	0.15	4
778	937	3600	24	0.15	4
779	276	3600	24	0.15	4
779	294	6000	40	0.15	4
779	296	3600	24	0.15	4
780	45	10000	11	0.15	4
780	222	600	22	0.15	4
780	781	650	31	0.15	4
781	46	10000	11	0.15	4
781	231	600	22	0.15	4
781	780	650	31	0.15	4
782	236	2000	27	0.15	4
782	243	2000	27	0.15	4
782	663	500	27	0.15	4
783	53	10000	11	0.15	4
783	84	5850	31	0.15	4
783	749	4500	27	0.15	4
784	723	2800	23	0.15	4
784	1137	2600	20	0.15	4
785	723	550	18	0.15	4
785	863	550	18	0.15	4
786	774	2600	20	0.15	4
786	971	8100	24	0.15	4
787	721	390	1	0.15	4
787	788	2600	28	0.15	4
787	859	390	1	0.15	4
788	11	10000	7	0.15	4
788	789	2600	31	0.15	4
789	790	2600	31	0.15	4
789	955	600	22	0.15	4
789	956	2600	31	0.15	4
790	12	10000	7	0.15	4
790	13	10000	7	0.15	4
790	791	2600	31	0.15	4
791	687	2200	18	0.15	4
791	857	2200	18	0.15	4
792	805	1600	15	0.15	4
792	867	390	1	0.15	4
792	965	1600	15	0.15	4
793	55	10000	11	0.15	4
793	678	600	22	0.15	4
793	727	600	22	0.15	4
794	32	10000	7	0.15	4
794	511	550	18	0.15	4
794	795	600	22	0.15	4
795	263	400	15	0.15	4
795	794	600	22	0.15	4
795	796	600	22	0.15	4
795	798	400	15	0.15	4
796	659	2400	25	0.15	4
796	795	600	22	0.15	4
796	1116	2200	18	0.15	4
797	27	10000	11	0.15	4
797	121	600	22	0.15	4
797	256	2600	31	0.15	4
798	658	2200	18	0.15	4
798	795	400	15	0.15	4
798	799	2400	22	0.15	4
798	993	400	15	0.15	4
799	32	10000	7	0.15	4
799	798	2400	22	0.15	4
799	800	4950	18	0.15	4
800	267	2200	18	0.15	4
800	510	2200	18	0.15	4
800	799	2200	18	0.15	4
800	801	4950	18	0.15	4
801	31	10000	7	0.15	4
801	676	5850	20	0.15	4
801	800	2200	18	0.15	4
802	676	2200	18	0.15	4
802	692	2200	18	0.15	4
802	729	7200	22	0.15	4
803	703	2600	20	0.15	4
803	770	2200	18	0.15	4
803	812	2600	20	0.15	4
803	1126	2200	18	0.15	4
804	770	2200	18	0.15	4
804	805	2200	18	0.15	4
804	843	2200	18	0.15	4
804	844	2200	18	0.15	4
805	792	1600	15	0.15	4
805	804	2200	18	0.15	4
805	806	2200	18	0.15	4
805	966	1600	15	0.15	4
806	805	2200	18	0.15	4
806	807	2200	18	0.15	4
807	806	2200	18	0.15	4
807	808	2200	18	0.15	4
808	7	10000	7	0.15	4
808	807	2600	31	0.15	4
808	866	2200	18	0.15	4
809	612	2800	23	0.15	4
809	810	2200	18	0.15	4
809	866	2600	31	0.15	4
809	909	2600	20	0.15	4
810	809	2200	18	0.15	4
810	811	2200	18	0.15	4
811	810	2200	18	0.15	4
811	1138	1600	18	0.15	4
812	607	5850	20	0.15	4
812	803	5850	20	0.15	4
813	814	2200	18	0.15	4
813	992	2600	20	0.15	4
814	813	2200	18	0.15	4
814	815	2200	18	0.15	4
815	814	2200	18	0.15	4
815	816	1600	15	0.15	4
816	363	14400	24	0.15	4
816	730	2600	20	0.15	4
816	815	1600	15	0.15	4
817	764	2600	20	0.15	4
817	1101	5850	20	0.15	4
818	608	14400	24	0.15	4
818	842	5850	20	0.15	4
819	820	5850	20	0.15	4
819	842	2200	18	0.15	4
819	1099	1600	15	0.15	4
820	818	14400	24	0.15	4
820	821	4950	18	0.15	4
821	592	390	1	0.15	4
821	690	4950	18	0.15	4
821	691	2200	18	0.15	4
821	763	5850	20	0.15	4
822	823	2600	20	0.15	4
822	835	650	31	0.15	4
823	592	390	1	0.15	4
823	689	2600	20	0.15	4
823	690	2200	18	0.15	4
823	1128	10400	20	0.15	4
824	733	22500	24	0.15	4
824	1118	5850	20	0.15	4
825	357	10400	20	0.15	4
825	1117	14400	24	0.15	4
826	13	390	1	0.15	4
826	688	2200	18	0.15	4
826	827	2200	18	0.15	4
826	857	2200	18	0.15	4
827	826	2200	18	0.15	4
827	828	2200	18	0.15	4
828	733	2200	18	0.15	4
828	761	10400	20	0.15	4
828	827	2200	18	0.15	4
829	830	2200	18	0.15	4
829	882	2200	18	0.15	4
830	464	1500	40	0.15	4
830	465	2200	18	0.15	4
830	829	2200	18	0.15	4
831	261	400	15	0.15	4
831	262	400	18	0.15	4
831	465	550	18	0.15	4
831	655	550	18	0.15	4
832	255	600	22	0.15	4
832	655	600	22	0.15	4
832	833	550	18	0.15	4
832	1134	600	22	0.15	4
833	37	10000	11	0.15	4
833	832	550	18	0.15	4
833	834	600	22	0.15	4
834	122	600	25	0.15	4
834	833	600	22	0.15	4
835	822	650	31	0.15	4
835	836	600	22	0.15	4
835	838	390	1	0.15	4
836	772	14400	24	0.15	4
836	835	600	22	0.15	4
836	837	650	28	0.15	4
837	4	10000	7	0.15	4
837	836	650	28	0.15	4
837	841	550	18	0.15	4
838	835	390	1	0.15	4
838	839	2600	31	0.15	4
838	859	390	1	0.15	4
839	11	10000	7	0.15	4
839	840	2600	31	0.15	4
840	688	2600	31	0.15	4
840	858	600	22	0.15	4
841	837	550	18	0.15	4
841	969	550	18	0.15	4
841	1099	1600	15	0.15	4
842	609	2200	18	0.15	4
842	819	2200	18	0.15	4
842	967	2600	20	0.15	4
843	609	2200	18	0.15	4
843	771	2600	31	0.15	4
843	804	2200	18	0.15	4
843	966	550	18	0.15	4
844	3	10000	7	0.15	4
844	804	2200	18	0.15	4
844	845	2600	28	0.15	4
845	6	10000	7	0.15	4
845	844	2600	28	0.15	4
845	846	1800	21	0.15	4
846	553	1400	30	0.15	4
846	845	1800	21	0.15	4
846	847	1600	18	0.15	4
847	594	1600	50	0.15	4
847	846	1600	18	0.15	4
847	848	1600	15	0.15	4
848	590	1600	50	0.15	4
848	847	1600	15	0.15	4
849	848	6400	50	0.15	4
850	337	6400	50	0.15	4
851	261	550	18	0.15	4
851	654	2400	25	0.15	4
851	655	2600	31	0.15	4
851	1134	600	22	0.15	4
852	244	400	15	0.15	4
852	274	550	18	0.15	4
852	830	2000	27	0.15	4
853	244	550	18	0.15	4
853	673	550	18	0.15	4
853	881	600	22	0.15	4
853	882	600	22	0.15	4
854	673	550	18	0.15	4
854	734	14400	24	0.15	4
854	855	2200	18	0.15	4
855	854	550	18	0.15	4
855	856	2200	18	0.15	4
855	1107	10400	20	0.15	4
856	744	600	22	0.15	4
856	855	550	18	0.15	4
856	857	650	20	0.15	4
856	877	2600	20	0.15	4
857	791	2200	18	0.15	4
857	826	2200	18	0.15	4
857	856	600	22	0.15	4
857	858	2600	20	0.15	4
858	840	600	22	0.15	4
858	859	2600	20	0.15	4
858	955	600	22	0.15	4
859	787	390	1	0.15	4
859	838	390	1	0.15	4
859	860	2600	20	0.15	4
860	773	14400	24	0.15	4
860	861	2200	18	0.15	4
861	970	14400	24	0.15	4
862	863	550	18	0.15	4
862	969	550	18	0.15	4
863	8	10000	7	0.15	4
863	785	550	18	0.15	4
863	862	550	18	0.15	4
864	421	2200	18	0.15	4
864	1137	1200	30	0.15	4
865	421	550	18	0.15	4
865	611	2200	18	0.15	4
865	967	2600	20	0.15	4
865	1136	2200	18	0.15	4
866	611	2200	18	0.15	4
866	808	2600	31	0.15	4
866	809	2600	31	0.15	4
866	867	2200	18	0.15	4
867	7	10000	7	0.15	4
867	792	390	1	0.15	4
867	866	2200	18	0.15	4
867	868	2200	18	0.15	4
868	581	390	1	0.15	4
868	867	2200	18	0.15	4
868	907	3600	24	0.15	4
868	908	3600	24	0.15	4
868	983	2200	18	0.15	4
869	254	400	18	0.15	4
869	1133	450	21	0.15	4
870	62	10000	11	0.15	4
870	254	400	18	0.15	4
870	654	600	22	0.15	4
871	654	600	22	0.15	4
871	872	600	22	0.15	4
872	260	400	18	0.15	4
872	261	400	18	0.15	4
872	273	600	22	0.15	4
872	871	600	22	0.15	4
873	273	2400	22	0.15	4
873	852	1800	21	0.15	4
873	874	400	18	0.15	4
874	244	400	18	0.15	4
874	438	1500	40	0.15	4
874	873	2400	22	0.15	4
874	881	2200	18	0.15	4
875	672	2200	18	0.15	4
875	881	600	22	0.15	4
876	734	2400	22	0.15	4
876	855	10400	20	0.15	4
876	877	2400	22	0.15	4
877	687	600	22	0.15	4
877	717	5850	20	0.15	4
877	876	2400	22	0.15	4
878	16	10000	7	0.15	4
878	714	2600	31	0.15	4
878	1150	1600	15	0.15	4
879	39	10000	7	0.15	4
879	671	390	1	0.15	4
879	878	600	22	0.15	4
880	672	400	18	0.15	4
880	879	600	22	0.15	4
880	881	600	22	0.15	4
880	1151	550	18	0.15	4
881	853	600	22	0.15	4
881	874	550	18	0.15	4
881	875	2400	22	0.15	4
881	880	600	22	0.15	4
882	601	2600	31	0.15	4
882	829	2200	18	0.15	4
882	853	600	22	0.15	4
883	501	550	18	0.15	4
883	638	3600	24	0.15	4
883	884	900	24	0.15	4
883	948	8100	24	0.15	4
884	883	900	24	0.15	4
884	975	3600	24	0.15	4
885	17	10000	7	0.15	4
885	777	8100	24	0.15	4
886	631	2200	18	0.15	4
886	887	3600	24	0.15	4
886	959	2600	31	0.15	4
887	57	10000	7	0.15	4
887	685	3600	24	0.15	4
888	626	2600	20	0.15	4
888	889	8100	24	0.15	4
889	890	8100	24	0.15	4
889	1110	10400	20	0.15	4
890	21	10000	7	0.15	4
890	891	8100	24	0.15	4
891	60	10000	7	0.15	4
891	623	14400	24	0.15	4
891	669	3600	24	0.15	4
892	40	10000	7	0.15	4
892	278	550	18	0.15	4
892	1153	400	15	0.15	4
893	778	400	15	0.15	4
893	976	1600	15	0.15	4
894	27	10000	11	0.15	4
894	125	800	25	0.15	4
894	895	3200	25	0.15	4
895	894	3200	25	0.15	4
895	896	3200	25	0.15	4
896	258	8100	27	0.15	4
896	895	3200	25	0.15	4
897	30	10000	11	0.15	4
897	264	8100	24	0.15	4
897	898	8100	24	0.15	4
898	269	400	15	0.15	4
898	509	2200	18	0.15	4
898	897	8100	24	0.15	4
898	899	8100	24	0.15	4
899	29	10000	7	0.15	4
899	898	8100	24	0.15	4
899	900	8100	24	0.15	4
900	680	8100	24	0.15	4
900	899	8100	24	0.15	4
901	680	8100	24	0.15	4
901	902	8100	24	0.15	4
902	726	22500	24	0.15	4
902	901	8100	24	0.15	4
902	903	3600	24	0.15	4
903	507	3200	22	0.15	4
903	697	3200	22	0.15	4
903	707	3600	24	0.15	4
903	902	8100	24	0.15	4
904	460	14400	24	0.15	4
904	707	8100	24	0.15	4
904	905	3600	24	0.15	4
905	1	10000	7	0.15	4
905	904	8100	24	0.15	4
905	906	3600	24	0.15	4
906	6	10000	7	0.15	4
906	905	8100	24	0.15	4
906	964	3600	24	0.15	4
907	505	3600	24	0.15	4
907	868	3600	24	0.15	4
908	7	10000	7	0.15	4
908	581	390	1	0.15	4
908	868	3600	24	0.15	4
908	910	3600	27	0.15	4
909	809	2600	20	0.15	4
909	984	2800	23	0.15	4
910	33	10000	11	0.15	4
910	908	3600	27	0.15	4
910	952	3600	27	0.15	4
911	912	500	27	0.15	4
911	951	8100	27	0.15	4
911	952	600	22	0.15	4
911	953	8100	27	0.15	4
912	604	450	21	0.15	4
912	911	500	27	0.15	4
912	913	400	18	0.15	4
912	1000	450	21	0.15	4
913	912	400	18	0.15	4
913	914	400	18	0.15	4
914	126	450	21	0.15	4
914	913	400	18	0.15	4
915	69	10000	11	0.15	4
915	78	600	25	0.15	4
915	223	650	31	0.15	4
915	253	2600	31	0.15	4
916	219	600	25	0.15	4
916	223	2400	25	0.15	4
917	213	600	25	0.15	4
917	219	600	25	0.15	4
917	1144	450	21	0.15	4
918	50	10000	11	0.15	4
918	212	600	25	0.15	4
918	919	600	25	0.15	4
919	271	8100	24	0.15	4
919	918	600	25	0.15	4
919	923	3800	30	0.15	4
920	127	0	30	0.15	4
920	921	3800	30	0.15	4
920	1149	450	21	0.15	4
921	920	3800	30	0.15	4
921	922	3800	30	0.15	4
922	38	10000	11	0.15	4
922	50	10000	11	0.15	4
922	921	3800	30	0.15	4
922	923	3800	30	0.15	4
923	512	2400	25	0.15	4
923	652	600	25	0.15	4
923	919	3800	30	0.15	4
923	922	3800	30	0.15	4
924	246	2200	18	0.15	4
924	271	3600	24	0.15	4
924	591	8100	24	0.15	4
924	620	2600	20	0.15	4
925	484	3600	24	0.15	4
925	591	3600	24	0.15	4
927	469	16250	20	0.15	4
927	757	3600	24	0.15	4
927	962	3600	24	0.15	4
929	206	2400	22	0.15	4
929	962	2200	18	0.15	4
930	206	2400	22	0.15	4
930	702	8100	27	0.15	4
930	931	2400	22	0.15	4
930	941	3200	25	0.15	4
931	235	2400	25	0.15	4
931	930	2400	22	0.15	4
932	669	3600	24	0.15	4
932	737	3600	24	0.15	4
932	1112	2200	18	0.15	4
933	737	10400	20	0.15	4
933	934	550	18	0.15	4
933	1112	550	18	0.15	4
934	933	550	18	0.15	4
934	935	2200	18	0.15	4
934	1111	5850	20	0.15	4
935	567	2600	20	0.15	4
935	934	2200	18	0.15	4
935	936	2200	18	0.15	4
936	684	2200	18	0.15	4
936	685	2200	18	0.15	4
936	935	2200	18	0.15	4
936	959	2200	18	0.15	4
937	450	2200	18	0.15	4
937	451	3600	24	0.15	4
937	778	3600	24	0.15	4
937	959	2200	18	0.15	4
938	279	400	18	0.15	4
938	450	2200	18	0.15	4
938	939	2200	18	0.15	4
939	279	550	18	0.15	4
939	938	2200	18	0.15	4
939	940	5400	22	0.15	4
940	206	1600	18	0.15	4
940	939	6300	23	0.15	4
940	1094	7200	25	0.15	4
940	1122	400	18	0.15	4
941	930	3200	25	0.15	4
941	946	3200	25	0.15	4
942	144	2400	22	0.15	4
942	943	4200	30	0.15	4
942	944	9450	30	0.15	4
943	129	4400	33	0.15	4
943	942	9450	30	0.15	4
944	942	4200	30	0.15	4
944	945	1600	18	0.15	4
944	1094	6300	23	0.15	4
945	44	390	1	0.15	4
945	944	1600	18	0.15	4
945	946	2400	22	0.15	4
946	941	3200	25	0.15	4
946	945	2400	22	0.15	4
946	947	8100	27	0.15	4
946	1094	600	22	0.15	4
947	204	390	1	0.15	4
947	946	8100	27	0.15	4
947	1122	400	18	0.15	4
947	1135	8100	27	0.15	4
948	40	10000	7	0.15	4
948	280	8100	24	0.15	4
948	883	3600	24	0.15	4
949	34	10000	7	0.15	4
949	387	450	21	0.15	4
949	427	8100	24	0.15	4
949	615	3600	24	0.15	4
950	615	8100	27	0.15	4
950	951	8100	27	0.15	4
951	33	10000	11	0.15	4
951	911	8100	27	0.15	4
951	950	8100	27	0.15	4
952	910	3600	27	0.15	4
952	911	600	22	0.15	4
952	953	3600	27	0.15	4
953	911	8100	27	0.15	4
953	952	3600	27	0.15	4
953	954	8100	27	0.15	4
954	603	8100	27	0.15	4
954	953	8100	27	0.15	4
955	13	10000	7	0.15	4
955	789	600	22	0.15	4
955	858	600	22	0.15	4
956	719	2800	23	0.15	4
956	720	2600	20	0.15	4
956	789	600	22	0.15	4
956	957	2600	31	0.15	4
957	956	2600	31	0.15	4
957	958	2600	31	0.15	4
957	1083	390	1	0.15	4
958	57	10000	7	0.15	4
958	630	2600	31	0.15	4
958	686	390	1	0.15	4
958	957	2600	31	0.15	4
959	886	2600	31	0.15	4
959	936	2200	18	0.15	4
959	937	550	18	0.15	4
959	960	2400	22	0.15	4
960	58	10000	7	0.15	4
960	959	650	31	0.15	4
960	961	2600	31	0.15	4
961	960	2600	31	0.15	4
961	962	2600	31	0.15	4
962	683	2200	18	0.15	4
962	927	3600	24	0.15	4
962	929	2200	18	0.15	4
962	961	2600	31	0.15	4
963	779	1500	25	0.15	4
964	505	3600	24	0.15	4
964	906	3600	24	0.15	4
964	965	1600	15	0.15	4
964	1114	400	15	0.15	4
965	6	10000	7	0.15	4
965	792	1600	15	0.15	4
965	964	1600	15	0.15	4
966	610	12800	22	0.15	4
966	805	400	15	0.15	4
966	843	600	22	0.15	4
967	865	2600	20	0.15	4
967	968	22500	24	0.15	4
968	819	5850	20	0.15	4
968	969	14400	24	0.15	4
969	841	550	18	0.15	4
969	861	14400	24	0.15	4
969	862	550	18	0.15	4
970	9	10000	7	0.15	4
970	786	14400	24	0.15	4
971	722	2800	23	0.15	4
971	723	2800	23	0.15	4
971	972	8100	24	0.15	4
972	973	8100	24	0.15	4
972	1105	550	18	0.15	4
973	974	8100	24	0.15	4
974	59	10000	7	0.15	4
974	1130	8100	24	0.15	4
975	884	900	24	0.15	4
975	885	8100	24	0.15	4
976	634	3200	22	0.15	4
976	1153	1600	15	0.15	4
977	82	450	21	0.15	4
977	270	400	18	0.15	4
977	978	600	22	0.15	4
978	25	10000	7	0.15	4
978	977	600	22	0.15	4
978	979	600	22	0.15	4
979	682	8100	27	0.15	4
979	724	600	22	0.15	4
979	978	600	22	0.15	4
980	98	400	15	0.15	4
980	765	600	22	0.15	4
980	981	600	22	0.15	4
981	141	550	18	0.15	4
981	980	600	22	0.15	4
981	1114	400	15	0.15	4
982	24	10000	7	0.15	4
982	108	600	25	0.15	4
982	983	600	22	0.15	4
983	123	2400	22	0.15	4
983	581	390	1	0.15	4
983	868	2200	18	0.15	4
983	982	600	22	0.15	4
983	984	400	18	0.15	4
984	602	2800	23	0.15	4
984	909	2800	23	0.15	4
984	983	400	18	0.15	4
985	66	10000	11	0.15	4
985	131	6300	23	0.15	4
985	986	6300	23	0.15	4
986	26	10000	11	0.15	4
986	985	6300	23	0.15	4
986	987	6300	23	0.15	4
987	258	600	22	0.15	4
987	986	6300	23	0.15	4
987	988	6300	23	0.15	4
988	265	6300	23	0.15	4
988	661	2400	22	0.15	4
988	662	600	22	0.15	4
988	987	6300	23	0.15	4
989	269	5850	20	0.15	4
989	990	5850	20	0.15	4
990	681	8100	24	0.15	4
990	989	5850	20	0.15	4
990	991	5850	20	0.15	4
991	697	2200	18	0.15	4
991	902	22500	24	0.15	4
991	990	10400	20	0.15	4
992	266	2200	18	0.15	4
992	462	2200	18	0.15	4
992	813	2600	20	0.15	4
993	374	400	15	0.15	4
993	462	550	18	0.15	4
993	798	400	15	0.15	4
993	994	550	18	0.15	4
994	657	2400	25	0.15	4
994	658	2600	31	0.15	4
994	993	550	18	0.15	4
994	995	550	18	0.15	4
995	28	10000	11	0.15	4
995	994	550	18	0.15	4
995	996	550	18	0.15	4
996	256	600	22	0.15	4
996	466	600	22	0.15	4
996	995	550	18	0.15	4
996	997	600	22	0.15	4
997	71	10000	11	0.15	4
997	132	600	25	0.15	4
997	996	600	22	0.15	4
998	64	10000	11	0.15	4
998	387	500	27	0.15	4
998	618	450	21	0.15	4
998	643	450	21	0.15	4
999	67	10000	11	0.15	4
999	618	450	21	0.15	4
999	1000	450	21	0.15	4
1000	912	450	21	0.15	4
1000	999	450	21	0.15	4
1002	87	600	22	0.15	4
1002	282	600	22	0.15	4
1002	1121	400	18	0.15	4
1003	504	400	18	0.15	4
1003	643	3400	28	0.15	4
1003	644	3200	25	0.15	4
1004	44	10000	11	0.15	4
1004	72	390	1	0.15	4
1004	134	1800	21	0.15	4
1004	204	450	21	0.15	4
1005	1006	1600	61	0.15	4
1006	369	1600	61	0.15	4
1006	1009	1400	55	0.15	4
1009	367	1600	61	0.15	4
1009	590	1600	50	0.15	4
1009	1010	1400	55	0.15	4
1010	1011	1400	55	0.15	4
1011	365	1600	61	0.15	4
1011	1012	1400	55	0.15	4
1012	1013	1400	55	0.15	4
1013	364	1600	61	0.15	4
1013	1014	1400	55	0.15	4
1014	1015	1400	55	0.15	4
1015	1016	1400	55	0.15	4
1016	326	1600	61	0.15	4
1016	1017	1600	61	0.15	4
1017	1018	1400	55	0.15	4
1018	328	1600	58	0.15	4
1018	1019	1400	55	0.15	4
1019	329	1600	61	0.15	4
1019	1020	1400	58	0.15	4
1020	1021	1400	55	0.15	4
1021	1022	1400	55	0.15	4
1022	1023	1600	61	0.15	4
1023	438	1600	61	0.15	4
1023	1024	1600	61	0.15	4
1024	1025	1600	61	0.15	4
1025	1026	1400	55	0.15	4
1026	352	1600	61	0.15	4
1026	1027	1600	61	0.15	4
1027	317	1600	61	0.15	4
1027	1028	1400	55	0.15	4
1028	396	1600	61	0.15	4
1028	1029	1400	55	0.15	4
1029	1030	1400	58	0.15	4
1030	1031	1600	61	0.15	4
1031	348	1600	61	0.15	4
1031	1032	1400	55	0.15	4
1032	1033	1600	61	0.15	4
1033	1034	1400	55	0.15	4
1034	1035	1600	61	0.15	4
1035	342	1600	61	0.15	4
1035	1036	1600	61	0.15	4
1036	1037	1400	55	0.15	4
1037	137	1600	61	0.15	4
1038	703	600	22	0.15	4
1038	769	14400	24	0.15	4
1039	307	1600	61	0.15	4
1039	1040	1400	55	0.15	4
1040	1041	1400	55	0.15	4
1041	1042	1400	58	0.15	4
1042	310	1600	61	0.15	4
1042	1043	1400	55	0.15	4
1043	1044	1600	61	0.15	4
1044	1045	1400	58	0.15	4
1045	312	1600	61	0.15	4
1045	1046	1400	55	0.15	4
1046	517	1600	50	0.15	4
1046	1047	1600	61	0.15	4
1047	1048	1400	55	0.15	4
1048	1049	1400	55	0.15	4
1049	316	1600	61	0.15	4
1049	1050	1400	55	0.15	4
1050	1051	1600	61	0.15	4
1051	485	1600	61	0.15	4
1051	1053	1400	55	0.15	4
1053	351	1600	61	0.15	4
1053	1054	1600	61	0.15	4
1054	1055	1600	61	0.15	4
1055	356	1600	61	0.15	4
1055	1056	1600	61	0.15	4
1056	1057	1400	55	0.15	4
1057	1058	1600	61	0.15	4
1058	361	1600	61	0.15	4
1058	1059	1400	58	0.15	4
1059	1060	1400	58	0.15	4
1060	1061	1400	55	0.15	4
1060	1086	1600	40	0.15	4
1061	324	1600	61	0.15	4
1061	1062	1400	58	0.15	4
1062	1063	1400	55	0.15	4
1063	1064	1400	55	0.15	4
1064	1065	1400	55	0.15	4
1065	335	1600	61	0.15	4
1065	1066	1400	55	0.15	4
1066	336	1600	61	0.15	4
1066	1067	1400	58	0.15	4
1067	1068	1400	58	0.15	4
1068	337	1600	58	0.15	4
1068	1071	1400	55	0.15	4
1071	1072	1600	61	0.15	4
1072	139	1600	61	0.15	4
1073	283	1600	58	0.15	4
1073	1074	1400	58	0.15	4
1074	284	1400	55	0.15	4
1074	1075	1600	58	0.15	4
1075	285	1400	55	0.15	4
1080	1081	1600	58	0.15	4
1081	429	1400	55	0.15	4
1081	1082	1400	58	0.15	4
1082	101	1600	58	0.15	4
1082	400	1600	58	0.15	4
1083	957	390	1	0.15	4
1083	1095	390	1	0.15	4
1084	1088	6400	50	0.15	4
1085	358	6000	25	0.15	4
1085	379	1600	40	0.15	4
1086	675	1600	40	0.15	4
1087	1017	1600	40	0.15	4
1088	329	6400	50	0.15	4
1089	707	390	1	0.15	4
1089	1093	390	1	0.15	4
1090	259	390	1	0.15	4
1090	713	390	1	0.15	4
1090	1092	390	1	0.15	4
1091	387	390	1	0.15	4
1091	427	390	1	0.15	4
1091	565	390	1	0.15	4
1092	1090	390	1	0.15	4
1093	708	390	1	0.15	4
1093	1089	390	1	0.15	4
1094	940	6300	23	0.15	4
1094	944	7200	25	0.15	4
1094	946	600	22	0.15	4
1095	562	390	1	0.15	4
1095	1083	390	1	0.15	4
1096	142	400	18	0.15	4
1096	265	450	21	0.15	4
1097	691	2600	20	0.15	4
1097	1154	2600	20	0.15	4
1098	3	10000	7	0.15	4
1098	607	550	18	0.15	4
1098	608	550	18	0.15	4
1099	4	10000	7	0.15	4
1099	819	1600	15	0.15	4
1099	841	1600	15	0.15	4
1100	4	10000	7	0.15	4
1100	818	5850	20	0.15	4
1101	5	10000	7	0.15	4
1101	691	5850	20	0.15	4
1102	5	10000	7	0.15	4
1102	56	10000	7	0.15	4
1102	762	5850	20	0.15	4
1103	5	10000	7	0.15	4
1103	763	5850	20	0.15	4
1105	9	10000	7	0.15	4
1105	775	550	18	0.15	4
1105	972	550	18	0.15	4
1106	11	10000	7	0.15	4
1106	772	2600	20	0.15	4
1107	14	10000	7	0.15	4
1107	828	10400	20	0.15	4
1108	14	10000	7	0.15	4
1108	854	22500	24	0.15	4
1109	19	10000	7	0.15	4
1109	746	5850	20	0.15	4
1110	19	10000	7	0.15	4
1110	933	10400	20	0.15	4
1111	19	10000	7	0.15	4
1111	888	5850	20	0.15	4
1112	21	10000	7	0.15	4
1112	932	550	18	0.15	4
1112	933	2200	18	0.15	4
1113	22	10000	7	0.15	4
1113	620	1600	15	0.15	4
1113	621	1600	15	0.15	4
1114	24	10000	7	0.15	4
1114	964	400	15	0.15	4
1114	981	400	15	0.15	4
1115	28	10000	11	0.15	4
1115	256	600	22	0.15	4
1115	257	600	22	0.15	4
1116	28	10000	11	0.15	4
1116	658	2200	18	0.15	4
1116	796	2200	18	0.15	4
1117	36	10000	7	0.15	4
1117	360	14400	24	0.15	4
1118	36	10000	7	0.15	4
1118	825	5850	20	0.15	4
1119	36	10000	7	0.15	4
1119	732	5850	20	0.15	4
1120	41	10000	11	0.15	4
1120	281	600	22	0.15	4
1120	282	600	22	0.15	4
1121	42	10000	11	0.15	4
1121	504	390	1	0.15	4
1121	1002	400	18	0.15	4
1122	44	10000	11	0.15	4
1122	940	400	18	0.15	4
1122	947	400	18	0.15	4
1123	46	10000	11	0.15	4
1123	221	2400	22	0.15	4
1123	222	2400	22	0.15	4
1124	47	10000	11	0.15	4
1124	477	2400	22	0.15	4
1124	667	5400	22	0.15	4
1124	1156	390	1	0.15	4
1124	1157	390	1	0.15	4
1125	47	10000	11	0.15	4
1125	666	2800	23	0.15	4
1125	667	2400	22	0.15	4
1126	55	10000	11	0.15	4
1126	692	2200	18	0.15	4
1126	803	550	18	0.15	4
1127	678	22500	24	0.15	4
1128	56	10000	7	0.15	4
1128	761	10400	20	0.15	4
1129	386	2200	18	0.15	4
1129	1130	2200	18	0.15	4
1130	59	10000	7	0.15	4
1130	564	390	1	0.15	4
1130	634	8100	24	0.15	4
1130	1129	2200	18	0.15	4
1131	60	10000	7	0.15	4
1131	1139	8100	24	0.15	4
1132	62	10000	11	0.15	4
1132	273	600	22	0.15	4
1132	713	600	22	0.15	4
1133	124	450	21	0.15	4
1133	869	450	21	0.15	4
1134	254	600	22	0.15	4
1134	832	600	22	0.15	4
1134	833	600	22	0.15	4
1135	41	390	1	0.15	4
1135	280	3600	24	0.15	4
1135	947	8100	27	0.15	4
1136	612	2600	20	0.15	4
1136	865	2600	20	0.15	4
1136	1137	2600	20	0.15	4
1137	784	2600	20	0.15	4
1137	864	1200	30	0.15	4
1137	1136	2600	20	0.15	4
1138	615	1600	18	0.15	4
1138	811	1600	18	0.15	4
1139	563	390	1	0.15	4
1139	670	8100	24	0.15	4
1140	563	390	1	0.15	4
1140	622	2600	20	0.15	4
1140	714	2200	18	0.15	4
1141	1142	6400	40	0.15	4
1142	730	6400	40	0.15	4
1143	457	2000	27	0.15	4
1144	917	450	21	0.15	4
1144	1145	450	21	0.15	4
1145	403	450	21	0.15	4
1145	1144	450	21	0.15	4
1145	1146	450	21	0.15	4
1146	646	500	27	0.15	4
1146	1145	450	21	0.15	4
1147	1148	1800	21	0.15	4
1148	403	2400	25	0.15	4
1148	648	1800	21	0.15	4
1149	103	450	21	0.15	4
1149	496	450	21	0.15	4
1149	920	450	21	0.15	4
1150	671	8100	24	0.15	4
1150	878	1600	15	0.15	4
1151	245	550	18	0.15	4
1151	354	1600	15	0.15	4
1151	880	550	18	0.15	4
1152	893	1600	15	0.15	4
1153	892	1600	15	0.15	4
1153	1152	1600	15	0.15	4
1154	607	650	20	0.15	4
1154	764	2600	20	0.15	4
1154	1097	2600	20	0.15	4
1155	687	550	18	0.15	4
1155	718	2600	20	0.15	4
1155	719	2600	20	0.15	4
1156	1124	390	1	0.15	4
1157	1124	390	1	0.15	4
