1	706
1	768
1	905
2	461
2	507
2	706
3	844
3	1098
4	837
4	1099
4	1100
5	1101
5	1102
5	1103
6	845
6	906
6	965
7	505
7	808
7	867
7	908
8	421
8	611
8	863
9	384
9	970
9	1105
10	720
10	775
11	788
11	839
11	1106
12	562
12	719
12	790
13	744
13	790
13	826
13	955
14	744
14	1107
14	1108
15	745
15	760
16	563
16	671
16	735
16	878
17	633
17	776
17	885
18	567
18	684
18	758
19	1109
19	1110
19	1111
20	686
20	736
20	759
21	890
21	1112
22	272
22	591
22	1113
23	602
24	141
24	982
24	1114
25	83
25	682
25	978
26	82
26	142
26	986
27	257
27	659
27	797
27	894
28	995
28	1115
28	1116
29	268
29	508
29	679
29	899
30	509
30	511
30	897
31	508
31	510
31	677
31	801
32	462
32	794
32	799
33	614
33	617
33	910
33	951
34	386
34	614
34	949
35	374
35	465
36	601
36	1117
36	1118
36	1119
37	255
37	413
37	449
37	833
38	103
38	498
38	922
39	354
39	879
40	637
40	892
40	948
41	1120
41	1135
42	73
42	143
42	204
42	644
42	1121
43	281
43	502
43	641
44	945
44	1004
44	1122
45	209
45	233
45	780
46	741
46	781
46	1123
47	242
47	1124
47	1125
48	214
48	246
48	484
49	217
49	220
49	228
49	251
50	512
50	918
50	922
51	76
51	104
51	647
52	80
52	114
52	239
52	423
53	114
53	237
53	783
54	116
54	211
54	233
55	793
55	1126
56	1102
56	1128
57	631
57	887
57	958
58	450
58	960
59	385
59	974
59	1130
60	624
60	891
60	1131
61	698
61	709
61	725
62	260
62	870
62	1132
63	387
63	427
63	640
64	74
64	111
64	998
65	605
66	985
67	999
68	224
69	915
70	700
71	997
72	1004
73	42
74	64
75	275
76	51
76	648
77	402
78	915
79	253
80	52
81	645
82	26
82	977
83	25
84	783
86	275
87	1002
88	305
90	305
93	307
95	440
97	448
100	283
102	1073
103	38
103	1149
104	51
104	646
105	406
106	496
107	497
108	982
109	606
110	619
111	64
111	644
112	645
113	662
114	52
114	53
114	238
115	699
116	54
116	700
118	602
118	603
119	724
120	765
121	797
122	834
123	983
124	1133
125	894
126	914
127	920
128	235
129	235
129	943
131	985
132	997
133	943
134	1004
135	204
136	1005
138	1039
140	712
141	24
141	981
142	26
142	1096
143	42
143	504
200	743
202	203
202	231
203	202
203	211
203	232
204	42
204	135
204	282
204	947
204	1004
206	207
206	929
206	930
206	940
207	206
207	208
207	303
208	207
208	209
209	45
209	208
209	210
210	209
210	232
211	54
211	203
211	275
212	213
212	918
213	212
213	249
213	917
214	48
214	215
214	220
214	248
215	216
216	217
216	249
216	250
217	49
217	218
218	219
219	916
219	917
220	49
220	214
220	667
221	230
221	572
221	1123
222	296
222	780
222	1123
223	224
223	915
223	916
224	68
224	223
224	225
225	224
225	226
225	251
225	252
226	225
226	227
227	226
227	228
228	49
228	227
228	666
229	243
229	666
230	231
230	748
230	752
231	202
231	230
231	232
231	781
232	203
232	210
232	231
232	233
233	45
233	54
233	232
233	701
234	235
234	701
235	128
235	129
235	234
235	931
236	85
236	237
236	782
237	53
237	238
238	114
238	239
238	663
239	52
239	79
240	350
240	428
240	667
240	668
242	47
242	346
242	350
243	229
243	345
243	346
243	782
244	852
244	853
244	874
245	354
245	620
245	713
245	1151
246	48
246	247
246	924
247	246
247	248
248	247
248	249
248	398
249	216
249	248
250	216
250	251
251	49
251	225
251	250
252	253
253	79
253	663
254	869
254	870
254	1134
255	37
255	466
255	832
256	658
256	797
256	996
256	1115
257	27
257	258
257	1115
258	257
258	661
258	896
258	987
259	260
259	653
259	713
259	1090
260	62
260	259
260	872
261	274
261	831
261	851
261	872
262	445
262	656
262	831
263	264
263	795
264	263
264	265
264	661
264	897
265	264
265	269
265	988
265	1096
266	510
266	992
267	268
267	508
267	511
267	800
268	29
268	267
268	509
269	265
269	270
269	898
269	989
270	269
270	977
271	272
271	919
271	924
272	22
272	271
272	713
273	274
273	872
273	873
273	1132
274	261
274	273
274	465
274	852
275	75
275	86
275	211
276	451
276	779
276	929
278	279
278	892
279	278
279	280
279	938
279	939
280	279
280	281
280	948
280	1135
281	43
281	280
281	1120
282	204
282	503
282	1002
282	1120
283	284
283	1073
284	285
284	1074
285	247
285	286
286	287
287	288
287	668
288	481
289	290
290	291
291	470
292	293
293	467
294	301
295	296
295	430
296	222
296	297
296	779
297	298
297	747
298	392
299	300
300	428
301	302
302	303
303	304
304	89
304	144
305	431
307	308
307	782
307	1039
308	309
309	310
310	343
310	344
310	1042
311	312
312	313
312	476
312	1045
313	314
314	315
315	316
316	319
316	1049
317	396
317	479
317	1027
318	432
319	485
321	356
322	361
323	324
324	332
324	1061
325	326
326	327
326	378
326	1016
327	328
327	362
327	1017
328	329
328	1018
329	330
329	1019
330	331
331	437
332	333
333	334
334	335
335	336
335	556
335	1065
336	366
336	557
336	1066
337	339
337	1068
339	340
340	91
341	92
342	436
342	1035
343	311
344	477
344	753
345	243
345	742
346	242
346	243
347	474
347	477
348	433
348	1031
350	240
350	242
351	321
351	1053
352	317
352	622
352	1026
353	439
354	39
354	245
354	714
355	322
356	355
356	873
356	1055
357	328
357	358
358	376
358	379
360	675
360	1119
361	464
361	1058
361	1085
362	882
363	676
364	444
364	1013
364	1141
365	443
365	1011
366	337
367	442
367	849
367	1009
369	367
369	906
369	1006
374	35
374	445
374	993
375	463
376	360
376	377
377	324
378	379
379	380
380	657
384	9
384	385
384	723
385	59
385	384
385	386
386	34
386	385
386	1129
387	63
387	949
387	998
387	1091
388	208
388	295
390	475
391	738
392	393
393	299
394	475
396	318
396	522
396	1028
397	398
398	429
398	1080
400	99
400	404
400	1082
402	224
403	647
403	1145
403	1148
404	94
406	283
406	650
413	37
413	466
413	656
421	8
421	864
421	865
423	52
423	665
423	666
427	63
427	638
427	949
427	1091
428	397
429	400
429	649
429	1081
430	447
431	388
432	348
433	434
434	435
435	342
436	341
437	438
438	353
438	1023
439	352
440	369
442	365
443	364
444	325
445	262
445	374
447	468
448	96
448	97
448	449
449	37
449	448
449	657
450	58
450	937
450	938
451	276
451	937
451	961
457	750
457	751
460	705
460	768
460	850
461	2
461	695
462	32
462	491
462	992
462	993
463	376
463	491
463	1084
464	323
464	1059
465	35
465	274
465	830
465	831
466	255
466	413
466	996
467	294
468	298
468	486
469	293
469	518
469	747
470	292
471	470
472	473
472	488
472	739
473	472
473	487
474	221
474	473
475	524
476	471
476	478
477	347
477	520
477	1124
478	300
479	471
479	478
480	289
480	963
481	480
481	482
482	390
482	483
483	485
484	48
484	621
484	669
484	925
485	351
485	1051
486	394
486	513
487	221
487	473
488	489
488	755
489	738
491	377
496	106
496	497
496	1149
497	107
497	496
497	498
498	38
498	497
498	652
500	652
500	653
501	502
501	883
502	43
502	501
502	503
503	282
503	502
503	504
504	143
504	503
504	1003
504	1121
505	7
505	907
505	964
506	679
507	2
507	696
507	903
508	29
508	31
508	267
508	678
509	30
509	268
509	898
510	31
510	266
510	800
511	30
511	267
511	794
512	50
512	651
512	923
513	514
514	515
515	483
516	756
517	516
518	519
519	1030
520	521
521	316
522	523
523	347
524	348
553	365
554	553
555	554
556	461
557	460
562	12
562	686
562	718
562	1095
563	16
563	1139
563	1140
564	634
564	1130
565	1091
567	18
567	927
572	347
581	868
581	908
581	983
590	848
590	1068
591	22
591	924
591	925
592	821
592	823
593	703
594	850
595	683
601	36
601	674
601	882
602	23
602	118
602	984
603	118
603	604
603	954
604	603
604	605
604	912
605	65
605	604
605	606
606	109
606	605
607	812
607	1098
607	1154
608	609
608	771
608	1098
609	608
609	610
609	842
609	843
610	609
610	967
611	8
611	612
611	865
611	866
612	611
612	809
612	1136
614	33
614	34
615	616
615	949
615	950
615	1138
616	615
616	617
617	33
617	616
617	618
618	617
618	619
618	998
618	999
619	110
619	618
620	245
620	924
620	1113
621	351
621	622
621	1113
622	621
622	623
622	1140
623	622
623	624
623	1131
624	60
624	625
625	626
625	889
626	627
626	759
627	628
627	1109
628	629
628	685
628	686
629	630
630	631
630	632
630	958
631	57
631	630
631	886
632	633
632	776
633	17
633	632
633	634
634	564
634	633
634	635
634	976
635	634
635	636
636	635
636	637
637	40
637	636
637	638
637	884
638	427
638	637
638	639
638	883
639	638
639	640
640	63
640	639
640	641
641	43
641	640
641	642
642	641
642	643
643	642
643	998
643	1003
644	42
644	111
644	1003
645	81
645	112
645	646
646	104
646	645
646	647
646	1146
647	51
647	403
647	646
648	76
648	649
649	404
649	650
649	1147
650	284
650	649
650	651
651	512
651	650
652	498
652	500
652	923
653	259
653	500
653	654
653	712
654	653
654	851
654	870
654	871
655	656
655	831
655	832
655	851
656	262
656	413
656	655
656	657
657	375
657	449
657	656
657	994
658	256
658	798
658	994
658	1116
659	27
659	660
659	796
660	659
660	661
661	258
661	264
661	660
661	988
662	113
662	988
663	238
663	664
663	782
664	663
664	665
665	423
665	664
666	228
666	229
666	423
666	1125
667	220
667	240
667	1124
667	1125
668	240
668	669
669	484
669	668
669	891
669	932
670	714
670	715
670	1150
671	16
671	672
671	735
671	879
672	673
672	734
672	875
672	880
673	674
673	853
673	854
674	601
674	733
674	825
675	816
675	1087
676	677
676	801
676	802
677	31
677	1127
678	506
678	508
678	793
679	29
679	680
679	726
680	900
680	901
680	990
681	979
682	25
682	130
683	595
683	684
683	962
684	18
684	683
684	936
685	628
685	746
685	936
686	20
686	562
686	628
686	958
687	718
687	791
687	877
687	1155
688	689
688	822
688	826
688	840
689	688
689	823
690	821
690	823
690	1106
691	821
691	1097
691	1100
692	693
692	764
692	802
692	1126
693	692
693	694
694	693
694	695
695	694
695	696
695	727
696	507
696	695
696	705
696	726
697	698
697	708
697	903
697	991
698	61
698	697
698	699
698	709
698	725
699	115
699	698
699	710
699	724
700	70
700	116
700	701
701	233
701	234
701	700
701	702
702	701
702	930
703	461
703	593
703	704
703	803
704	705
705	460
705	696
705	706
706	1
706	2
706	707
707	708
707	903
707	904
707	1089
708	709
708	767
708	1093
709	61
709	698
709	710
709	766
710	699
710	711
711	117
711	765
712	140
712	653
713	245
713	259
713	272
713	1090
713	1132
714	354
714	670
714	878
714	1140
715	670
715	716
715	736
716	715
716	717
716	760
717	716
717	718
717	745
718	562
718	687
718	717
718	1155
719	12
719	956
719	1155
720	10
720	721
720	956
721	720
721	722
721	787
722	721
722	774
722	971
723	384
723	784
723	785
723	971
724	699
724	725
724	979
725	61
725	991
726	679
726	696
726	727
727	728
727	793
728	802
729	730
730	731
730	817
731	675
731	732
732	824
732	1102
733	674
733	828
733	1108
734	672
734	735
734	876
735	16
735	671
735	715
735	1150
736	20
736	625
737	391
737	757
737	932
738	739
739	472
739	741
741	46
741	742
742	200
742	345
742	752
743	342
743	1143
744	13
744	14
744	827
745	15
745	627
746	888
746	935
747	487
747	755
748	750
749	457
749	783
750	749
751	752
752	230
752	742
752	753
753	472
755	489
755	756
756	757
757	737
757	758
757	927
758	18
758	934
759	20
759	716
760	15
760	876
761	762
761	824
762	690
762	1103
763	731
763	817
764	692
764	1154
765	711
765	766
765	980
766	709
766	767
767	904
768	1
768	1038
769	555
769	966
770	703
770	803
770	804
771	770
771	812
772	820
772	837
773	836
773	838
773	841
774	787
774	860
775	10
775	722
775	1105
776	17
776	775
777	632
777	778
777	886
778	777
778	893
778	937
779	276
779	294
779	296
780	45
780	222
780	781
781	46
781	231
781	780
782	236
782	243
782	663
783	53
783	84
783	749
784	723
784	1137
785	723
785	863
786	774
786	971
787	721
787	788
787	859
788	11
788	789
789	790
789	955
789	956
790	12
790	13
790	791
791	687
791	857
792	805
792	867
792	965
793	55
793	678
793	727
794	32
794	511
794	795
795	263
795	794
795	796
795	798
796	659
796	795
796	1116
797	27
797	121
797	256
798	658
798	795
798	799
798	993
799	32
799	798
799	800
800	267
800	510
800	799
800	801
801	31
801	676
801	800
802	676
802	692
802	729
803	703
803	770
803	812
803	1126
804	770
804	805
804	843
804	844
805	792
805	804
805	806
805	966
806	805
806	807
807	806
807	808
808	7
808	807
808	866
809	612
809	810
809	866
809	909
810	809
810	811
811	810
811	1138
812	607
812	803
813	814
813	992
814	813
814	815
815	814
815	816
816	363
816	730
816	815
817	764
817	1101
818	608
818	842
819	820
819	842
819	1099
820	818
820	821
821	592
821	690
821	691
821	763
822	823
822	835
823	592
823	689
823	690
823	1128
824	733
824	1118
825	357
825	1117
826	13
826	688
826	827
826	857
827	826
827	828
828	733
828	761
828	827
829	830
829	882
830	464
830	465
830	829
831	261
831	262
831	465
831	655
832	255
832	655
832	833
832	1134
833	37
833	832
833	834
834	122
834	833
835	822
835	836
835	838
836	772
836	835
836	837
837	4
837	836
837	841
838	835
838	839
838	859
839	11
839	840
840	688
840	858
841	837
841	969
841	1099
842	609
842	819
842	967
843	609
843	771
843	804
843	966
844	3
844	804
844	845
845	6
845	844
845	846
846	553
846	845
846	847
847	594
847	846
847	848
848	590
848	847
849	848
850	337
851	261
851	654
851	655
851	1134
852	244
852	274
852	830
853	244
853	673
853	881
853	882
854	673
854	734
854	855
855	854
855	856
855	1107
856	744
856	855
856	857
856	877
857	791
857	826
857	856
857	858
858	840
858	859
858	955
859	787
859	838
859	860
860	773
860	861
861	970
862	863
862	969
863	8
863	785
863	862
864	421
864	1137
865	421
865	611
865	967
865	1136
866	611
866	808
866	809
866	867
867	7
867	792
867	866
867	868
868	581
868	867
868	907
868	908
868	983
869	254
869	1133
870	62
870	254
870	654
871	654
871	872
872	260
872	261
872	273
872	871
873	273
873	852
873	874
874	244
874	438
874	873
874	881
875	672
875	881
876	734
876	855
876	877
877	687
877	717
877	876
878	16
878	714
878	1150
879	39
879	671
879	878
880	672
880	879
880	881
880	1151
881	853
881	874
881	875
881	880
882	601
882	829
882	853
883	501
883	638
883	884
883	948
884	883
884	975
885	17
885	777
886	631
886	887
886	959
887	57
887	685
888	626
888	889
889	890
889	1110
890	21
890	891
891	60
891	623
891	669
892	40
892	278
892	1153
893	778
893	976
894	27
894	125
894	895
895	894
895	896
896	258
896	895
897	30
897	264
897	898
898	269
898	509
898	897
898	899
899	29
899	898
899	900
900	680
900	899
901	680
901	902
902	726
902	901
902	903
903	507
903	697
903	707
903	902
904	460
904	707
904	905
905	1
905	904
905	906
906	6
906	905
906	964
907	505
907	868
908	7
908	581
908	868
908	910
909	809
909	984
910	33
910	908
910	952
911	912
911	951
911	952
911	953
912	604
912	911
912	913
912	1000
913	912
913	914
914	126
914	913
915	69
915	78
915	223
915	253
916	219
916	223
917	213
917	219
917	1144
918	50
918	212
918	919
919	271
919	918
919	923
920	127
920	921
920	1149
921	920
921	922
922	38
922	50
922	921
922	923
923	512
923	652
923	919
923	922
924	246
924	271
924	591
924	620
925	484
925	591
927	469
927	757
927	962
929	206
929	962
930	206
930	702
930	931
930	941
931	235
931	930
932	669
932	737
932	1112
933	737
933	934
933	1112
934	933
934	935
934	1111
935	567
935	934
935	936
936	684
936	685
936	935
936	959
937	450
937	451
937	778
937	959
938	279
938	450
938	939
939	279
939	938
939	940
940	206
940	939
940	1094
940	1122
941	930
941	946
942	144
942	943
942	944
943	129
943	942
944	942
944	945
944	1094
945	44
945	944
945	946
946	941
946	945
946	947
946	1094
947	204
947	946
947	1122
947	1135
948	40
948	280
948	883
949	34
949	387
949	427
949	615
950	615
950	951
951	33
951	911
951	950
952	910
952	911
952	953
953	911
953	952
953	954
954	603
954	953
955	13
955	789
955	858
956	719
956	720
956	789
956	957
957	956
957	958
957	1083
958	57
958	630
958	686
958	957
959	886
959	936
959	937
959	960
960	58
960	959
960	961
961	960
961	962
962	683
962	927
962	929
962	961
963	779
964	505
964	906
964	965
964	1114
965	6
965	792
965	964
966	610
966	805
966	843
967	865
967	968
968	819
968	969
969	841
969	861
969	862
970	9
970	786
971	722
971	723
971	972
972	973
972	1105
973	974
974	59
974	1130
975	884
975	885
976	634
976	1153
977	82
977	270
977	978
978	25
978	977
978	979
979	682
979	724
979	978
980	98
980	765
980	981
981	141
981	980
981	1114
982	24
982	108
982	983
983	123
983	581
983	868
983	982
983	984
984	602
984	909
984	983
985	66
985	131
985	986
986	26
986	985
986	987
987	258
987	986
987	988
988	265
988	661
988	662
988	987
989	269
989	990
990	681
990	989
990	991
991	697
991	902
991	990
992	266
992	462
992	813
993	374
993	462
993	798
993	994
994	657
994	658
994	993
994	995
995	28
995	994
995	996
996	256
996	466
996	995
996	997
997	71
997	132
997	996
998	64
998	387
998	618
998	643
999	67
999	618
999	1000
1000	912
1000	999
1002	87
1002	282
1002	1121
1003	504
1003	643
1003	644
1004	44
1004	72
1004	134
1004	204
1005	1006
1006	369
1006	1009
1009	367
1009	590
1009	1010
1010	1011
1011	365
1011	1012
1012	1013
1013	364
1013	1014
1014	1015
1015	1016
1016	326
1016	1017
1017	1018
1018	328
1018	1019
1019	329
1019	1020
1020	1021
1021	1022
1022	1023
1023	438
1023	1024
1024	1025
1025	1026
1026	352
1026	1027
1027	317
1027	1028
1028	396
1028	1029
1029	1030
1030	1031
1031	348
1031	1032
1032	1033
1033	1034
1034	1035
1035	342
1035	1036
1036	1037
1037	137
1038	703
1038	769
1039	307
1039	1040
1040	1041
1041	1042
1042	310
1042	1043
1043	1044
1044	1045
1045	312
1045	1046
1046	517
1046	1047
1047	1048
1048	1049
1049	316
1049	1050
1050	1051
1051	485
1051	1053
1053	351
1053	1054
1054	1055
1055	356
1055	1056
1056	1057
1057	1058
1058	361
1058	1059
1059	1060
1060	1061
1060	1086
1061	324
1061	1062
1062	1063
1063	1064
1064	1065
1065	335
1065	1066
1066	336
1066	1067
1067	1068
1068	337
1068	1071
1071	1072
1072	139
1073	283
1073	1074
1074	284
1074	1075
1075	285
1080	1081
1081	429
1081	1082
1082	101
1082	400
1083	957
1083	1095
1084	1088
1085	358
1085	379
1086	675
1087	1017
1088	329
1089	707
1089	1093
1090	259
1090	713
1090	1092
1091	387
1091	427
1091	565
1092	1090
1093	708
1093	1089
1094	940
1094	944
1094	946
1095	562
1095	1083
1096	142
1096	265
1097	691
1097	1154
1098	3
1098	607
1098	608
1099	4
1099	819
1099	841
1100	4
1100	818
1101	5
1101	691
1102	5
1102	56
1102	762
1103	5
1103	763
1105	9
1105	775
1105	972
1106	11
1106	772
1107	14
1107	828
1108	14
1108	854
1109	19
1109	746
1110	19
1110	933
1111	19
1111	888
1112	21
1112	932
1112	933
1113	22
1113	620
1113	621
1114	24
1114	964
1114	981
1115	28
1115	256
1115	257
1116	28
1116	658
1116	796
1117	36
1117	360
1118	36
1118	825
1119	36
1119	732
1120	41
1120	281
1120	282
1121	42
1121	504
1121	1002
1122	44
1122	940
1122	947
1123	46
1123	221
1123	222
1124	47
1124	477
1124	667
1124	1156
1124	1157
1125	47
1125	666
1125	667
1126	55
1126	692
1126	803
1127	678
1128	56
1128	761
1129	386
1129	1130
1130	59
1130	564
1130	634
1130	1129
1131	60
1131	1139
1132	62
1132	273
1132	713
1133	124
1133	869
1134	254
1134	832
1134	833
1135	41
1135	280
1135	947
1136	612
1136	865
1136	1137
1137	784
1137	864
1137	1136
1138	615
1138	811
1139	563
1139	670
1140	563
1140	622
1140	714
1141	1142
1142	730
1143	457
1144	917
1144	1145
1145	403
1145	1144
1145	1146
1146	646
1146	1145
1147	1148
1148	403
1148	648
1149	103
1149	496
1149	920
1150	671
1150	878
1151	245
1151	354
1151	880
1152	893
1153	892
1153	1152
1154	607
1154	764
1154	1097
1155	687
1155	718
1155	719
1156	1124
1157	1124